
Data/kaggleDiabeticRetinopathy/300_train/99_left.jpeg,3,0.034402,0.0124306,0.643304,0.180175,0.129689
Data/kaggleDiabeticRetinopathy/300_train/99_right.jpeg,3,0.000299292,0.0030624,0.756648,0.194132,0.0458575
Data/kaggleDiabeticRetinopathy/300_train/199_left.jpeg,0,0.947807,0.0366379,0.0151409,0.000323204,9.10811e-05
Data/kaggleDiabeticRetinopathy/300_train/199_right.jpeg,0,0.913017,0.0479509,0.0369994,0.001332,0.000700868
Data/kaggleDiabeticRetinopathy/300_train/299_left.jpeg,0,0.960826,0.0315305,0.00755377,8.1856e-05,7.85015e-06
Data/kaggleDiabeticRetinopathy/300_train/299_right.jpeg,0,0.978032,0.0188704,0.00307754,1.75935e-05,2.43045e-06
Data/kaggleDiabeticRetinopathy/300_train/399_left.jpeg,0,0.964935,0.0281257,0.00683117,9.65898e-05,1.16221e-05
Data/kaggleDiabeticRetinopathy/300_train/399_right.jpeg,0,0.975956,0.0138997,0.00998281,0.000140126,2.1644e-05
Data/kaggleDiabeticRetinopathy/300_train/599_left.jpeg,0,0.94339,0.0326522,0.0230853,0.000760646,0.000111529
Data/kaggleDiabeticRetinopathy/300_train/599_right.jpeg,0,0.950259,0.0314949,0.0175447,0.000592644,0.000109325
Data/kaggleDiabeticRetinopathy/300_train/799_left.jpeg,0,0.885532,0.066757,0.0459603,0.00147082,0.000279991
Data/kaggleDiabeticRetinopathy/300_train/799_right.jpeg,0,0.961739,0.0198177,0.015532,0.000670677,0.00224117
Data/kaggleDiabeticRetinopathy/300_train/899_left.jpeg,0,0.940043,0.0311172,0.0281985,0.000522566,0.000118719
Data/kaggleDiabeticRetinopathy/300_train/899_right.jpeg,0,0.947691,0.0259464,0.0259915,0.000324168,4.73312e-05
Data/kaggleDiabeticRetinopathy/300_train/990_left.jpeg,0,0.979743,0.0122192,0.00781215,0.000125972,9.94182e-05
Data/kaggleDiabeticRetinopathy/300_train/990_right.jpeg,0,0.931972,0.0202689,0.0448782,0.00168294,0.00119828
Data/kaggleDiabeticRetinopathy/300_train/992_left.jpeg,1,0.942966,0.0345776,0.0222908,0.000157137,8.5573e-06
Data/kaggleDiabeticRetinopathy/300_train/992_right.jpeg,0,0.950392,0.0357687,0.0137143,0.000114076,1.04685e-05
Data/kaggleDiabeticRetinopathy/300_train/994_left.jpeg,0,0.881158,0.0765951,0.0410892,0.000912859,0.000245106
Data/kaggleDiabeticRetinopathy/300_train/994_right.jpeg,0,0.908054,0.0609804,0.0295338,0.0011675,0.000264176
Data/kaggleDiabeticRetinopathy/300_train/997_left.jpeg,0,0.887971,0.0504385,0.0595385,0.00156283,0.000488774
Data/kaggleDiabeticRetinopathy/300_train/997_right.jpeg,1,0.55161,0.0668363,0.370861,0.00881041,0.00188233
Data/kaggleDiabeticRetinopathy/300_train/998_left.jpeg,0,0.924264,0.0398163,0.0346783,0.000990093,0.00025153
Data/kaggleDiabeticRetinopathy/300_train/998_right.jpeg,0,0.929822,0.040393,0.0292222,0.00047746,8.50621e-05
Data/kaggleDiabeticRetinopathy/300_train/1099_left.jpeg,3,1.90707e-06,4.59932e-05,0.207272,0.48379,0.308891
Data/kaggleDiabeticRetinopathy/300_train/1099_right.jpeg,4,3.65871e-09,1.28389e-07,0.0116108,0.0896548,0.898734
Data/kaggleDiabeticRetinopathy/300_train/1199_left.jpeg,0,0.860666,0.125105,0.0140345,0.000151678,4.28969e-05
Data/kaggleDiabeticRetinopathy/300_train/1199_right.jpeg,0,0.841349,0.135845,0.0222573,0.000427434,0.000122178
Data/kaggleDiabeticRetinopathy/300_train/1299_left.jpeg,0,0.878805,0.0670297,0.0516347,0.00213771,0.000393242
Data/kaggleDiabeticRetinopathy/300_train/1299_right.jpeg,0,0.969217,0.0243979,0.00631226,6.3685e-05,9.44902e-06
Data/kaggleDiabeticRetinopathy/300_train/1399_left.jpeg,0,0.89865,0.0526856,0.0480565,0.000430403,0.000177194
Data/kaggleDiabeticRetinopathy/300_train/1399_right.jpeg,0,0.929872,0.0321126,0.0375659,0.000304843,0.000144918
Data/kaggleDiabeticRetinopathy/300_train/1499_left.jpeg,0,0.938259,0.0320362,0.0284341,0.00103238,0.000238564
Data/kaggleDiabeticRetinopathy/300_train/1499_right.jpeg,0,0.914264,0.0490145,0.0358769,0.000669056,0.000175894
Data/kaggleDiabeticRetinopathy/300_train/1599_left.jpeg,2,0.0131577,0.0611023,0.734016,0.15504,0.036684
Data/kaggleDiabeticRetinopathy/300_train/1599_right.jpeg,2,0.000266646,0.00344391,0.778076,0.179311,0.0389025
Data/kaggleDiabeticRetinopathy/300_train/1799_left.jpeg,0,0.962357,0.028601,0.00887,0.000140428,3.13977e-05
Data/kaggleDiabeticRetinopathy/300_train/1799_right.jpeg,0,0.951689,0.0381958,0.00993312,0.000152889,2.96096e-05
Data/kaggleDiabeticRetinopathy/300_train/1991_left.jpeg,0,0.982955,0.0103108,0.00665775,6.76066e-05,8.78338e-06
Data/kaggleDiabeticRetinopathy/300_train/1991_right.jpeg,0,0.974489,0.0167929,0.00854204,0.000133682,4.27487e-05
Data/kaggleDiabeticRetinopathy/300_train/1997_left.jpeg,0,0.902659,0.0316242,0.0614284,0.00290464,0.00138409
Data/kaggleDiabeticRetinopathy/300_train/1997_right.jpeg,0,0.924849,0.033857,0.0401173,0.000967102,0.000209117
Data/kaggleDiabeticRetinopathy/300_train/1999_left.jpeg,1,0.872244,0.0766386,0.0481886,0.00195286,0.000975387
Data/kaggleDiabeticRetinopathy/300_train/1999_right.jpeg,0,0.962902,0.0220597,0.0146813,0.000258739,9.79152e-05
Data/kaggleDiabeticRetinopathy/300_train/2099_left.jpeg,0,0.95257,0.0141721,0.0321143,0.000669583,0.000473718
Data/kaggleDiabeticRetinopathy/300_train/2099_right.jpeg,2,0.0149367,0.0374412,0.899683,0.0404711,0.00746752
Data/kaggleDiabeticRetinopathy/300_train/2199_left.jpeg,0,0.981397,0.0166191,0.00196377,1.61385e-05,3.58047e-06
Data/kaggleDiabeticRetinopathy/300_train/2199_right.jpeg,0,0.979509,0.0185903,0.00188905,9.66082e-06,1.84765e-06
Data/kaggleDiabeticRetinopathy/300_train/2399_left.jpeg,0,0.82949,0.0789144,0.0842282,0.00490664,0.00246089
Data/kaggleDiabeticRetinopathy/300_train/2399_right.jpeg,0,0.959746,0.0351711,0.00497872,8.27891e-05,2.17911e-05
Data/kaggleDiabeticRetinopathy/300_train/2599_left.jpeg,0,0.931167,0.0447174,0.023578,0.000483767,5.39008e-05
Data/kaggleDiabeticRetinopathy/300_train/2599_right.jpeg,0,0.969061,0.0215947,0.00914738,0.000168353,2.87775e-05
Data/kaggleDiabeticRetinopathy/300_train/2990_left.jpeg,0,0.973302,0.0127692,0.0135702,0.000219307,0.000138916
Data/kaggleDiabeticRetinopathy/300_train/2990_right.jpeg,0,0.974076,0.0158342,0.00993218,0.000114648,4.33572e-05
Data/kaggleDiabeticRetinopathy/300_train/2992_left.jpeg,2,0.505658,0.0602951,0.41551,0.0155189,0.00301789
Data/kaggleDiabeticRetinopathy/300_train/2992_right.jpeg,2,0.00015459,0.000526225,0.824334,0.15541,0.0195743
Data/kaggleDiabeticRetinopathy/300_train/2996_left.jpeg,0,0.986707,0.00991763,0.00332076,3.97661e-05,1.52096e-05
Data/kaggleDiabeticRetinopathy/300_train/2996_right.jpeg,0,0.950809,0.0398287,0.00917102,0.000137988,5.34248e-05
Data/kaggleDiabeticRetinopathy/300_train/2997_left.jpeg,0,0.903047,0.0480124,0.0475468,0.00117811,0.000215425
Data/kaggleDiabeticRetinopathy/300_train/2997_right.jpeg,0,0.944365,0.0367203,0.0185504,0.000306293,5.83445e-05
Data/kaggleDiabeticRetinopathy/300_train/2999_left.jpeg,0,0.962291,0.0236437,0.0137501,0.000259013,5.60512e-05
Data/kaggleDiabeticRetinopathy/300_train/2999_right.jpeg,0,0.987762,0.00646983,0.00570426,5.41454e-05,9.95664e-06
Data/kaggleDiabeticRetinopathy/300_train/3699_left.jpeg,0,0.945666,0.0375731,0.01647,0.000252783,3.80771e-05
Data/kaggleDiabeticRetinopathy/300_train/3699_right.jpeg,0,0.909438,0.0594562,0.0306489,0.000419778,3.68522e-05
Data/kaggleDiabeticRetinopathy/300_train/3799_left.jpeg,0,0.880364,0.0490231,0.0686746,0.00121575,0.000722928
Data/kaggleDiabeticRetinopathy/300_train/3799_right.jpeg,0,0.718075,0.0990065,0.174064,0.00651238,0.00234283
Data/kaggleDiabeticRetinopathy/300_train/3992_left.jpeg,3,0.168554,0.000952699,0.280498,0.0304272,0.519568
Data/kaggleDiabeticRetinopathy/300_train/3992_right.jpeg,3,0.00259556,0.000251148,0.676136,0.158137,0.16288
Data/kaggleDiabeticRetinopathy/300_train/3993_left.jpeg,4,0.00192403,3.95824e-06,0.000815203,0.000335741,0.996921
Data/kaggleDiabeticRetinopathy/300_train/3993_right.jpeg,4,0.0046575,7.97577e-06,0.00100672,0.00127005,0.993058
Data/kaggleDiabeticRetinopathy/300_train/3994_left.jpeg,0,0.883731,0.0397437,0.0750071,0.00134237,0.000176048
Data/kaggleDiabeticRetinopathy/300_train/3994_right.jpeg,0,0.911734,0.017552,0.0685452,0.00169544,0.000473859
Data/kaggleDiabeticRetinopathy/300_train/3995_left.jpeg,0,0.950241,0.0274342,0.0219007,0.000351934,7.16119e-05
Data/kaggleDiabeticRetinopathy/300_train/3995_right.jpeg,0,0.412389,0.295883,0.284648,0.0059199,0.00116002
Data/kaggleDiabeticRetinopathy/300_train/4199_left.jpeg,0,0.965429,0.0139651,0.0204467,0.000145968,1.308e-05
Data/kaggleDiabeticRetinopathy/300_train/4199_right.jpeg,0,0.934931,0.0187788,0.045911,0.000335567,4.35357e-05
Data/kaggleDiabeticRetinopathy/300_train/4299_left.jpeg,0,0.955713,0.0331955,0.0109669,0.000108803,1.5839e-05
Data/kaggleDiabeticRetinopathy/300_train/4299_right.jpeg,0,0.598303,0.164151,0.223634,0.00930224,0.0046096
Data/kaggleDiabeticRetinopathy/300_train/4399_left.jpeg,2,0.396506,0.238962,0.356551,0.00711952,0.000860883
Data/kaggleDiabeticRetinopathy/300_train/4399_right.jpeg,2,0.00206603,0.0857866,0.869841,0.0369689,0.00533754
Data/kaggleDiabeticRetinopathy/300_train/4499_left.jpeg,0,0.52256,0.249947,0.210091,0.00773403,0.00966705
Data/kaggleDiabeticRetinopathy/300_train/4499_right.jpeg,0,0.609507,0.0856514,0.219456,0.0128577,0.0725283
Data/kaggleDiabeticRetinopathy/300_train/4599_left.jpeg,0,0.922232,0.0452934,0.0312424,0.00107006,0.000161812
Data/kaggleDiabeticRetinopathy/300_train/4599_right.jpeg,0,0.923803,0.0566814,0.0189843,0.000478536,5.26016e-05
Data/kaggleDiabeticRetinopathy/300_train/4799_left.jpeg,0,0.794021,0.0869568,0.115641,0.00253208,0.000849879
Data/kaggleDiabeticRetinopathy/300_train/4799_right.jpeg,0,0.9477,0.0229506,0.0285125,0.000624229,0.000212631
Data/kaggleDiabeticRetinopathy/300_train/4899_left.jpeg,0,0.746079,0.135828,0.114096,0.00302415,0.000973689
Data/kaggleDiabeticRetinopathy/300_train/4899_right.jpeg,0,0.867257,0.0996611,0.0315018,0.000942824,0.000637105
Data/kaggleDiabeticRetinopathy/300_train/4990_left.jpeg,0,0.931647,0.0433311,0.0240045,0.000756731,0.000260306
Data/kaggleDiabeticRetinopathy/300_train/4990_right.jpeg,0,0.923513,0.0512037,0.0244247,0.00065911,0.000199838
Data/kaggleDiabeticRetinopathy/300_train/4992_left.jpeg,0,0.0579788,0.151217,0.767746,0.0110899,0.0119691
Data/kaggleDiabeticRetinopathy/300_train/4992_right.jpeg,0,0.246034,0.0487444,0.640184,0.0347365,0.0303012
Data/kaggleDiabeticRetinopathy/300_train/4997_left.jpeg,0,0.967303,0.0232434,0.00932019,0.000106384,2.73813e-05
Data/kaggleDiabeticRetinopathy/300_train/4997_right.jpeg,0,0.975031,0.0173025,0.00750152,0.000120221,4.52133e-05
Data/kaggleDiabeticRetinopathy/300_train/4998_left.jpeg,0,0.970129,0.0247929,0.00503,4.39435e-05,4.55226e-06
Data/kaggleDiabeticRetinopathy/300_train/4998_right.jpeg,0,0.965679,0.0306721,0.00361844,2.80166e-05,2.44193e-06
Data/kaggleDiabeticRetinopathy/300_train/4999_left.jpeg,0,0.858823,0.087488,0.051488,0.00165325,0.000547801
Data/kaggleDiabeticRetinopathy/300_train/4999_right.jpeg,0,0.89965,0.0778841,0.0219972,0.000382567,8.6697e-05
Data/kaggleDiabeticRetinopathy/300_train/5990_left.jpeg,2,0.0118275,0.122292,0.817144,0.0389903,0.00974575
Data/kaggleDiabeticRetinopathy/300_train/5990_right.jpeg,0,0.0576963,0.207876,0.706948,0.0242871,0.00319182
Data/kaggleDiabeticRetinopathy/300_train/5991_left.jpeg,0,0.977026,0.0158878,0.00706068,2.09547e-05,4.55351e-06
Data/kaggleDiabeticRetinopathy/300_train/5991_right.jpeg,0,0.975541,0.0148996,0.00954173,1.26411e-05,5.07027e-06
Data/kaggleDiabeticRetinopathy/300_train/5992_left.jpeg,0,0.929288,0.0477234,0.0210376,0.00134826,0.000603072
Data/kaggleDiabeticRetinopathy/300_train/5992_right.jpeg,0,0.832859,0.131512,0.0347882,0.00070028,0.000140314
Data/kaggleDiabeticRetinopathy/300_train/5993_left.jpeg,0,0.969405,0.0186817,0.011278,0.000491194,0.000144395
Data/kaggleDiabeticRetinopathy/300_train/5993_right.jpeg,0,0.910008,0.0784145,0.0113525,0.000180749,4.48111e-05
Data/kaggleDiabeticRetinopathy/300_train/5994_left.jpeg,1,0.00187656,0.0902577,0.83445,0.0627235,0.0106923
Data/kaggleDiabeticRetinopathy/300_train/5994_right.jpeg,1,0.269514,0.243731,0.45892,0.0209079,0.00692613
Data/kaggleDiabeticRetinopathy/300_train/5995_left.jpeg,0,0.849788,0.124516,0.0251905,0.000422851,8.25677e-05
Data/kaggleDiabeticRetinopathy/300_train/5995_right.jpeg,0,0.95402,0.0378839,0.00789673,0.00016811,3.11125e-05
Data/kaggleDiabeticRetinopathy/300_train/5999_left.jpeg,0,0.909493,0.0679978,0.0218639,0.000523616,0.000121399
Data/kaggleDiabeticRetinopathy/300_train/5999_right.jpeg,0,0.828333,0.0701678,0.0987119,0.00214547,0.000642283
Data/kaggleDiabeticRetinopathy/300_train/6199_left.jpeg,1,0.0583186,0.201745,0.708464,0.0239038,0.00756844
Data/kaggleDiabeticRetinopathy/300_train/6199_right.jpeg,1,0.286512,0.391197,0.314889,0.0054952,0.00190648
Data/kaggleDiabeticRetinopathy/300_train/6299_left.jpeg,2,0.4522,0.0256521,0.43922,0.0272272,0.0557
Data/kaggleDiabeticRetinopathy/300_train/6299_right.jpeg,2,0.0325107,0.0420556,0.852112,0.0493227,0.0239991
Data/kaggleDiabeticRetinopathy/300_train/6599_left.jpeg,2,0.818317,0.00649228,0.0565637,0.00175458,0.116872
Data/kaggleDiabeticRetinopathy/300_train/6599_right.jpeg,2,0.954479,0.0120861,0.0309485,0.000556659,0.00192956
Data/kaggleDiabeticRetinopathy/300_train/6799_left.jpeg,0,0.850911,0.117914,0.0309483,0.000203454,2.24795e-05
Data/kaggleDiabeticRetinopathy/300_train/6799_right.jpeg,0,0.909754,0.0752852,0.0148315,0.000110782,1.85992e-05
Data/kaggleDiabeticRetinopathy/300_train/6990_left.jpeg,2,1.85067e-06,0.0010904,0.717217,0.239979,0.0417113
Data/kaggleDiabeticRetinopathy/300_train/6990_right.jpeg,2,1.00472e-06,0.00160766,0.800043,0.179187,0.0191622
Data/kaggleDiabeticRetinopathy/300_train/6995_left.jpeg,0,0.97381,0.020652,0.00548184,4.9521e-05,6.60214e-06
Data/kaggleDiabeticRetinopathy/300_train/6995_right.jpeg,0,0.974576,0.0171027,0.0082683,4.94915e-05,3.23662e-06
Data/kaggleDiabeticRetinopathy/300_train/6997_left.jpeg,3,1.68085e-05,0.000194214,0.374112,0.517603,0.108074
Data/kaggleDiabeticRetinopathy/300_train/6997_right.jpeg,4,2.4277e-06,4.69612e-05,0.268405,0.486128,0.245417
Data/kaggleDiabeticRetinopathy/300_train/7299_left.jpeg,0,0.872164,0.0768761,0.0499229,0.000906499,0.000130533
Data/kaggleDiabeticRetinopathy/300_train/7299_right.jpeg,1,0.916979,0.0667007,0.0160621,0.000227803,2.99201e-05
Data/kaggleDiabeticRetinopathy/300_train/7899_left.jpeg,0,0.939868,0.0470865,0.0129627,7.82123e-05,4.24677e-06
Data/kaggleDiabeticRetinopathy/300_train/7899_right.jpeg,0,0.916727,0.0506318,0.0321528,0.000421979,6.60651e-05
Data/kaggleDiabeticRetinopathy/300_train/7991_left.jpeg,0,0.938872,0.0479409,0.0130044,0.00016046,2.20176e-05
Data/kaggleDiabeticRetinopathy/300_train/7991_right.jpeg,0,0.975289,0.0208584,0.00379562,5.08107e-05,6.63864e-06
Data/kaggleDiabeticRetinopathy/300_train/7992_left.jpeg,4,0.0491936,0.000464919,0.0111749,0.00627222,0.932894
Data/kaggleDiabeticRetinopathy/300_train/7992_right.jpeg,4,0.000489361,3.19096e-06,0.00128824,0.00152352,0.996696
Data/kaggleDiabeticRetinopathy/300_train/7993_left.jpeg,2,0.484224,0.23035,0.276816,0.00719134,0.00141893
Data/kaggleDiabeticRetinopathy/300_train/7993_right.jpeg,2,0.272894,0.0763973,0.640134,0.00984279,0.000732121
Data/kaggleDiabeticRetinopathy/300_train/7996_left.jpeg,0,0.855398,0.0894569,0.0534108,0.00145931,0.000274997
Data/kaggleDiabeticRetinopathy/300_train/7996_right.jpeg,0,0.891289,0.0688853,0.0388304,0.000875418,0.000120348
Data/kaggleDiabeticRetinopathy/300_train/7998_left.jpeg,0,0.925919,0.0631646,0.0107315,0.000136846,4.81548e-05
Data/kaggleDiabeticRetinopathy/300_train/7998_right.jpeg,0,0.725223,0.209007,0.0647026,0.000800589,0.000266905
Data/kaggleDiabeticRetinopathy/300_train/8499_left.jpeg,0,0.690178,0.146249,0.156569,0.00548665,0.00151731
Data/kaggleDiabeticRetinopathy/300_train/8499_right.jpeg,2,0.046615,0.323579,0.600517,0.0228955,0.00639341
Data/kaggleDiabeticRetinopathy/300_train/8699_left.jpeg,3,1.67208e-05,0.000153587,0.465794,0.483235,0.0508014
Data/kaggleDiabeticRetinopathy/300_train/8699_right.jpeg,3,3.8552e-07,7.83661e-07,0.191637,0.787301,0.0210601
Data/kaggleDiabeticRetinopathy/300_train/8799_left.jpeg,0,0.708189,0.117733,0.160792,0.00987449,0.00341065
Data/kaggleDiabeticRetinopathy/300_train/8799_right.jpeg,0,0.817008,0.109145,0.0703672,0.00267588,0.000803937
Data/kaggleDiabeticRetinopathy/300_train/8899_left.jpeg,0,0.906361,0.0678622,0.0250685,0.00056871,0.000139635
Data/kaggleDiabeticRetinopathy/300_train/8899_right.jpeg,0,0.960471,0.0284222,0.01077,0.000226478,0.000110669
Data/kaggleDiabeticRetinopathy/300_train/8993_left.jpeg,0,0.945179,0.048483,0.00624656,5.19572e-05,3.99884e-05
Data/kaggleDiabeticRetinopathy/300_train/8993_right.jpeg,1,0.957132,0.0276703,0.0149046,0.000171896,0.000120799
Data/kaggleDiabeticRetinopathy/300_train/8995_left.jpeg,2,0.000733594,0.0445414,0.887709,0.0561228,0.0108931
Data/kaggleDiabeticRetinopathy/300_train/8995_right.jpeg,2,0.00230883,0.0182115,0.799724,0.138692,0.0410639
Data/kaggleDiabeticRetinopathy/300_train/8999_left.jpeg,1,0.982816,0.0115158,0.00556504,7.75752e-05,2.57574e-05
Data/kaggleDiabeticRetinopathy/300_train/8999_right.jpeg,1,0.0454712,0.542647,0.408083,0.00350624,0.000292709
Data/kaggleDiabeticRetinopathy/300_train/9099_left.jpeg,0,0.973661,0.0207471,0.00555005,3.80088e-05,4.31061e-06
Data/kaggleDiabeticRetinopathy/300_train/9099_right.jpeg,0,0.967322,0.0190027,0.0135364,0.000116881,2.18169e-05
Data/kaggleDiabeticRetinopathy/300_train/9199_left.jpeg,0,0.921594,0.0534485,0.0241268,0.000692891,0.000137567
Data/kaggleDiabeticRetinopathy/300_train/9199_right.jpeg,0,0.962947,0.0302911,0.00665466,9.2368e-05,1.51628e-05
Data/kaggleDiabeticRetinopathy/300_train/9499_left.jpeg,0,0.90961,0.0586472,0.0311249,0.000541788,7.59824e-05
Data/kaggleDiabeticRetinopathy/300_train/9499_right.jpeg,0,0.943268,0.0291688,0.0268402,0.000622944,9.9593e-05
Data/kaggleDiabeticRetinopathy/300_train/9699_left.jpeg,0,0.974605,0.00501349,0.0188632,0.000443042,0.00107532
Data/kaggleDiabeticRetinopathy/300_train/9699_right.jpeg,0,0.922361,0.0237125,0.0528977,0.000745977,0.000282632
Data/kaggleDiabeticRetinopathy/300_train/9799_left.jpeg,2,0.141241,0.0684773,0.703393,0.0701618,0.0167266
Data/kaggleDiabeticRetinopathy/300_train/9799_right.jpeg,2,0.0778043,0.120259,0.709001,0.0774454,0.0154905
Data/kaggleDiabeticRetinopathy/300_train/9899_left.jpeg,2,0.00347226,0.00537732,0.543662,0.365136,0.082353
Data/kaggleDiabeticRetinopathy/300_train/9899_right.jpeg,2,0.00130386,0.00965209,0.818868,0.155164,0.0150123
Data/kaggleDiabeticRetinopathy/300_train/9900_left.jpeg,0,0.972519,0.0157834,0.0113133,0.000277734,0.000106777
Data/kaggleDiabeticRetinopathy/300_train/9900_right.jpeg,0,0.888216,0.0243485,0.0796586,0.00431055,0.00346622
Data/kaggleDiabeticRetinopathy/300_train/9906_left.jpeg,0,0.959392,0.0386864,0.00184011,2.39476e-05,5.73303e-05
Data/kaggleDiabeticRetinopathy/300_train/9906_right.jpeg,0,0.961963,0.0357017,0.00192362,5.01477e-05,0.000361684
Data/kaggleDiabeticRetinopathy/300_train/9907_left.jpeg,2,0.0297416,0.0448725,0.763067,0.102382,0.0599369
Data/kaggleDiabeticRetinopathy/300_train/9907_right.jpeg,2,0.0385355,0.0150976,0.754784,0.114718,0.0768649
Data/kaggleDiabeticRetinopathy/300_train/9913_left.jpeg,0,0.982946,0.013092,0.00390461,4.81872e-05,9.42829e-06
Data/kaggleDiabeticRetinopathy/300_train/9913_right.jpeg,0,0.949608,0.0344207,0.0156006,0.000319796,5.10039e-05
Data/kaggleDiabeticRetinopathy/300_train/9914_left.jpeg,2,3.47124e-05,0.00209229,0.732527,0.195146,0.0701997
Data/kaggleDiabeticRetinopathy/300_train/9914_right.jpeg,2,4.37432e-05,0.000871011,0.549294,0.173901,0.275891
Data/kaggleDiabeticRetinopathy/300_train/9919_left.jpeg,2,2.44791e-05,0.00406207,0.755521,0.205752,0.034641
Data/kaggleDiabeticRetinopathy/300_train/9919_right.jpeg,2,1.66423e-05,0.00339131,0.846215,0.136376,0.0140002
Data/kaggleDiabeticRetinopathy/300_train/9925_left.jpeg,0,0.872151,0.056748,0.0692568,0.00161265,0.000231059
Data/kaggleDiabeticRetinopathy/300_train/9925_right.jpeg,0,0.602569,0.145228,0.239564,0.0100993,0.00253919
Data/kaggleDiabeticRetinopathy/300_train/9927_left.jpeg,0,0.65259,0.154283,0.185144,0.00559775,0.00238573
Data/kaggleDiabeticRetinopathy/300_train/9927_right.jpeg,0,0.689954,0.212474,0.093956,0.00241221,0.00120405
Data/kaggleDiabeticRetinopathy/300_train/9929_left.jpeg,0,0.967602,0.0157939,0.0163718,0.000202733,2.95944e-05
Data/kaggleDiabeticRetinopathy/300_train/9929_right.jpeg,0,0.965465,0.017153,0.0169975,0.000296559,8.80556e-05
Data/kaggleDiabeticRetinopathy/300_train/9930_left.jpeg,2,0.000441231,8.63428e-05,0.270704,0.416593,0.312176
Data/kaggleDiabeticRetinopathy/300_train/9930_right.jpeg,2,0.0090378,0.00300624,0.610252,0.298104,0.0796001
Data/kaggleDiabeticRetinopathy/300_train/9933_left.jpeg,1,0.345297,0.414443,0.233314,0.00497741,0.00196824
Data/kaggleDiabeticRetinopathy/300_train/9933_right.jpeg,1,0.286839,0.393054,0.314211,0.00430998,0.0015861
Data/kaggleDiabeticRetinopathy/300_train/9934_left.jpeg,3,0.0333247,0.0185507,0.723768,0.164012,0.0603441
Data/kaggleDiabeticRetinopathy/300_train/9934_right.jpeg,2,8.31608e-05,0.00294836,0.601907,0.311184,0.0838775
Data/kaggleDiabeticRetinopathy/300_train/9937_left.jpeg,0,0.921788,0.031755,0.045296,0.00102,0.000141308
Data/kaggleDiabeticRetinopathy/300_train/9937_right.jpeg,0,0.796491,0.0337524,0.166896,0.00258469,0.000275643
Data/kaggleDiabeticRetinopathy/300_train/9939_left.jpeg,2,0.0599205,0.0377311,0.869446,0.0156104,0.0172915
Data/kaggleDiabeticRetinopathy/300_train/9939_right.jpeg,2,0.000823472,0.007803,0.908648,0.0656661,0.01706
Data/kaggleDiabeticRetinopathy/300_train/9940_left.jpeg,0,0.954845,0.0330327,0.0118947,0.000185324,4.19332e-05
Data/kaggleDiabeticRetinopathy/300_train/9940_right.jpeg,0,0.962871,0.0269382,0.0100677,0.000104982,1.80451e-05
Data/kaggleDiabeticRetinopathy/300_train/9942_left.jpeg,4,0.00189828,0.00267669,0.600168,0.295051,0.100207
Data/kaggleDiabeticRetinopathy/300_train/9942_right.jpeg,2,0.0512891,0.00196857,0.335577,0.347198,0.263967
Data/kaggleDiabeticRetinopathy/300_train/9945_left.jpeg,2,0.0242695,0.00931795,0.713051,0.201262,0.0520996
Data/kaggleDiabeticRetinopathy/300_train/9945_right.jpeg,2,0.0745025,0.00903709,0.794022,0.066048,0.0563908
Data/kaggleDiabeticRetinopathy/300_train/9947_left.jpeg,2,0.770052,0.119792,0.106317,0.00291144,0.000928374
Data/kaggleDiabeticRetinopathy/300_train/9947_right.jpeg,0,0.913844,0.0604846,0.0250198,0.000477993,0.000173982
Data/kaggleDiabeticRetinopathy/300_train/9948_left.jpeg,0,0.975122,0.0196846,0.0044086,0.000245628,0.000539386
Data/kaggleDiabeticRetinopathy/300_train/9948_right.jpeg,2,0.975901,0.0193501,0.00471917,2.3675e-05,5.5503e-06
Data/kaggleDiabeticRetinopathy/300_train/9949_left.jpeg,0,0.956634,0.0152152,0.0264715,0.000711577,0.000967359
Data/kaggleDiabeticRetinopathy/300_train/9949_right.jpeg,1,0.957109,0.0118707,0.0290619,0.000842885,0.00111563
Data/kaggleDiabeticRetinopathy/300_train/9951_left.jpeg,3,1.20423e-05,0.000120052,0.411501,0.507179,0.0811883
Data/kaggleDiabeticRetinopathy/300_train/9951_right.jpeg,3,1.82508e-06,6.17398e-05,0.649943,0.328573,0.0214208
Data/kaggleDiabeticRetinopathy/300_train/9952_left.jpeg,2,0.00133321,0.00778716,0.803594,0.174807,0.0124784
Data/kaggleDiabeticRetinopathy/300_train/9952_right.jpeg,2,0.000258224,0.0039517,0.793145,0.164674,0.0379708
Data/kaggleDiabeticRetinopathy/300_train/9957_left.jpeg,0,0.934264,0.0328659,0.0309981,0.00120731,0.000664863
Data/kaggleDiabeticRetinopathy/300_train/9957_right.jpeg,0,0.936701,0.0353916,0.0271713,0.000590898,0.000145482
Data/kaggleDiabeticRetinopathy/300_train/9958_left.jpeg,0,0.87232,0.0732039,0.0533049,0.000761451,0.000410089
Data/kaggleDiabeticRetinopathy/300_train/9958_right.jpeg,0,0.809727,0.0816976,0.103912,0.00199321,0.00266951
Data/kaggleDiabeticRetinopathy/300_train/9959_left.jpeg,1,0.259463,0.478419,0.257986,0.00358717,0.000544377
Data/kaggleDiabeticRetinopathy/300_train/9959_right.jpeg,1,0.486111,0.268055,0.242133,0.00324624,0.000454106
Data/kaggleDiabeticRetinopathy/300_train/9961_left.jpeg,2,0.0316213,0.0218594,0.872706,0.063302,0.0105114
Data/kaggleDiabeticRetinopathy/300_train/9961_right.jpeg,2,8.1479e-05,0.000679465,0.713674,0.17485,0.110715
Data/kaggleDiabeticRetinopathy/300_train/9963_left.jpeg,1,0.00877196,0.0154301,0.816087,0.12414,0.0355704
Data/kaggleDiabeticRetinopathy/300_train/9963_right.jpeg,1,0.00222602,0.0211459,0.760795,0.148701,0.0671324
Data/kaggleDiabeticRetinopathy/300_train/9964_left.jpeg,2,0.0316524,0.165737,0.766559,0.0310602,0.00499141
Data/kaggleDiabeticRetinopathy/300_train/9964_right.jpeg,2,0.325364,0.3127,0.351636,0.00819374,0.00210549
Data/kaggleDiabeticRetinopathy/300_train/9965_left.jpeg,0,0.975944,0.0157105,0.00829471,4.36202e-05,7.73583e-06
Data/kaggleDiabeticRetinopathy/300_train/9965_right.jpeg,0,0.977223,0.010554,0.0121153,7.45962e-05,3.32994e-05
Data/kaggleDiabeticRetinopathy/300_train/9966_left.jpeg,0,0.923603,0.0573333,0.0184337,0.000511605,0.000118145
Data/kaggleDiabeticRetinopathy/300_train/9966_right.jpeg,0,0.969783,0.0251036,0.00492443,0.000156699,3.28785e-05
Data/kaggleDiabeticRetinopathy/300_train/9967_left.jpeg,0,0.90372,0.0828746,0.0126064,0.000478891,0.0003201
Data/kaggleDiabeticRetinopathy/300_train/9967_right.jpeg,0,0.884195,0.0662257,0.0475141,0.00132537,0.000739573
Data/kaggleDiabeticRetinopathy/300_train/9971_left.jpeg,0,0.872733,0.0426797,0.0819628,0.00199212,0.00063252
Data/kaggleDiabeticRetinopathy/300_train/9971_right.jpeg,0,0.640175,0.0854434,0.260214,0.0116311,0.00253661
Data/kaggleDiabeticRetinopathy/300_train/9972_left.jpeg,0,0.986351,0.0103108,0.00329658,3.77717e-05,4.36956e-06
Data/kaggleDiabeticRetinopathy/300_train/9972_right.jpeg,0,0.977534,0.0186888,0.0037278,4.30554e-05,6.67798e-06
Data/kaggleDiabeticRetinopathy/300_train/9975_left.jpeg,1,0.0463962,0.688243,0.262467,0.00242247,0.000471197
Data/kaggleDiabeticRetinopathy/300_train/9975_right.jpeg,1,0.890091,0.0865278,0.0228578,0.000421909,0.000101804
Data/kaggleDiabeticRetinopathy/300_train/9976_left.jpeg,0,0.97474,0.0116354,0.013239,0.000166489,0.000219052
Data/kaggleDiabeticRetinopathy/300_train/9976_right.jpeg,1,0.979878,0.0148197,0.00526581,3.2218e-05,4.43e-06
Data/kaggleDiabeticRetinopathy/300_train/9977_left.jpeg,3,0.000516645,0.000935579,0.499651,0.43104,0.0678566
Data/kaggleDiabeticRetinopathy/300_train/9977_right.jpeg,3,4.53065e-05,0.000101609,0.322815,0.59175,0.0852883
Data/kaggleDiabeticRetinopathy/300_train/9979_left.jpeg,0,0.90087,0.0210081,0.0672919,0.00396543,0.0068643
Data/kaggleDiabeticRetinopathy/300_train/9979_right.jpeg,0,0.836458,0.0440165,0.11293,0.0044346,0.00216075
Data/kaggleDiabeticRetinopathy/300_train/9980_left.jpeg,2,0.106252,0.422747,0.462763,0.00744615,0.000791683
Data/kaggleDiabeticRetinopathy/300_train/9980_right.jpeg,0,0.548245,0.18007,0.265117,0.00548192,0.00108646
Data/kaggleDiabeticRetinopathy/300_train/9984_left.jpeg,0,0.679333,0.117275,0.182764,0.0138657,0.00676308
Data/kaggleDiabeticRetinopathy/300_train/9984_right.jpeg,0,0.929137,0.0468917,0.0226877,0.000684846,0.000598553
Data/kaggleDiabeticRetinopathy/300_train/9992_left.jpeg,1,0.0351991,0.0597209,0.847472,0.0418236,0.0157844
Data/kaggleDiabeticRetinopathy/300_train/9992_right.jpeg,1,0.0645826,0.17858,0.737405,0.0163227,0.00310889
Data/kaggleDiabeticRetinopathy/300_train/9993_left.jpeg,0,0.952582,0.0304783,0.0165683,0.000281134,9.03649e-05
Data/kaggleDiabeticRetinopathy/300_train/9993_right.jpeg,0,0.880268,0.0550687,0.06243,0.00171659,0.000517078
Data/kaggleDiabeticRetinopathy/300_train/9996_left.jpeg,0,0.0731277,0.802293,0.123871,0.000578821,0.000129098
Data/kaggleDiabeticRetinopathy/300_train/9996_right.jpeg,0,0.9716,0.0244048,0.00395548,3.21392e-05,7.5999e-06
Data/kaggleDiabeticRetinopathy/300_train/9998_left.jpeg,0,0.955308,0.0283835,0.0159859,0.000286508,3.61699e-05
Data/kaggleDiabeticRetinopathy/300_train/9998_right.jpeg,0,0.957516,0.0288609,0.0133322,0.000252084,3.8476e-05
Data/kaggleDiabeticRetinopathy/300_train/9999_left.jpeg,0,0.921745,0.0553015,0.0221243,0.000623796,0.000205259
Data/kaggleDiabeticRetinopathy/300_train/9999_right.jpeg,0,0.973297,0.0217805,0.00484542,6.30272e-05,1.43685e-05
Data/kaggleDiabeticRetinopathy/300_train/10099_left.jpeg,0,0.954185,0.031549,0.0138265,0.000229557,0.000209654
Data/kaggleDiabeticRetinopathy/300_train/10099_right.jpeg,0,0.651461,0.241583,0.103906,0.00203902,0.00101123
Data/kaggleDiabeticRetinopathy/300_train/10199_left.jpeg,0,0.724324,0.179038,0.0942983,0.00206493,0.000274426
Data/kaggleDiabeticRetinopathy/300_train/10199_right.jpeg,0,0.89625,0.0738261,0.0289759,0.000783032,0.000164853
Data/kaggleDiabeticRetinopathy/300_train/10994_left.jpeg,0,0.941792,0.0193731,0.0377692,0.000829699,0.000235637
Data/kaggleDiabeticRetinopathy/300_train/10994_right.jpeg,0,0.960654,0.0201499,0.0189951,0.000176688,2.39227e-05
Data/kaggleDiabeticRetinopathy/300_train/10996_left.jpeg,0,0.593812,0.14538,0.239141,0.0168621,0.00480384
Data/kaggleDiabeticRetinopathy/300_train/10996_right.jpeg,1,0.394833,0.496155,0.107243,0.00124604,0.000523612
Data/kaggleDiabeticRetinopathy/300_train/11099_left.jpeg,0,0.988121,0.0063493,0.00548962,3.22813e-05,8.2623e-06
Data/kaggleDiabeticRetinopathy/300_train/11099_right.jpeg,0,0.946286,0.0176373,0.0352051,0.00064444,0.000226785
Data/kaggleDiabeticRetinopathy/300_train/11299_left.jpeg,0,0.973154,0.0206749,0.00613476,3.14936e-05,5.17948e-06
Data/kaggleDiabeticRetinopathy/300_train/11299_right.jpeg,0,0.874936,0.0992703,0.025412,0.000312716,6.94857e-05
Data/kaggleDiabeticRetinopathy/300_train/11899_left.jpeg,0,0.878857,0.0407484,0.0772941,0.00238499,0.000715888
Data/kaggleDiabeticRetinopathy/300_train/11899_right.jpeg,0,0.830602,0.0467389,0.119186,0.00297376,0.000499609
Data/kaggleDiabeticRetinopathy/300_train/11990_left.jpeg,0,0.918763,0.0392527,0.0413898,0.000521237,7.32039e-05
Data/kaggleDiabeticRetinopathy/300_train/11990_right.jpeg,0,0.983871,0.00983506,0.00621477,6.55156e-05,1.36593e-05
Data/kaggleDiabeticRetinopathy/300_train/11992_left.jpeg,0,0.979495,0.0165017,0.00389825,8.63734e-05,1.83179e-05
Data/kaggleDiabeticRetinopathy/300_train/11992_right.jpeg,0,0.928241,0.0522535,0.0190242,0.000386317,9.4862e-05
Data/kaggleDiabeticRetinopathy/300_train/11995_left.jpeg,1,0.811634,0.028845,0.153859,0.00413782,0.00152452
Data/kaggleDiabeticRetinopathy/300_train/11995_right.jpeg,1,0.787533,0.0742887,0.13276,0.00360412,0.00181383
Data/kaggleDiabeticRetinopathy/300_train/11996_left.jpeg,0,0.937263,0.0507081,0.0116328,0.000269948,0.000125721
Data/kaggleDiabeticRetinopathy/300_train/11996_right.jpeg,0,0.920422,0.0611034,0.0182008,0.000211013,6.24882e-05
Data/kaggleDiabeticRetinopathy/300_train/11997_left.jpeg,0,0.949957,0.0217621,0.0280413,0.000216313,2.28879e-05
Data/kaggleDiabeticRetinopathy/300_train/11997_right.jpeg,0,0.931928,0.0509077,0.0168414,0.000247278,7.57292e-05
Data/kaggleDiabeticRetinopathy/300_train/12299_left.jpeg,2,0.0295927,0.0793789,0.775707,0.0688582,0.0464632
Data/kaggleDiabeticRetinopathy/300_train/12299_right.jpeg,0,0.367349,0.244165,0.325661,0.0381728,0.0246514
Data/kaggleDiabeticRetinopathy/300_train/12399_left.jpeg,0,0.995009,0.00414364,0.000843027,3.45133e-06,4.72219e-07
Data/kaggleDiabeticRetinopathy/300_train/12399_right.jpeg,0,0.988642,0.00922339,0.00212405,8.76814e-06,1.87257e-06
Data/kaggleDiabeticRetinopathy/300_train/12699_left.jpeg,2,0.0405789,0.00527159,0.513831,0.254543,0.185775
Data/kaggleDiabeticRetinopathy/300_train/12699_right.jpeg,2,0.000270109,0.000759971,0.543786,0.337602,0.117582
Data/kaggleDiabeticRetinopathy/300_train/12799_left.jpeg,0,0.899544,0.0384164,0.0550856,0.00280531,0.0041486
Data/kaggleDiabeticRetinopathy/300_train/12799_right.jpeg,0,0.907244,0.0648664,0.0259315,0.00113197,0.000825723
Data/kaggleDiabeticRetinopathy/300_train/12990_left.jpeg,2,0.0184814,0.0182197,0.724777,0.145858,0.0926642
Data/kaggleDiabeticRetinopathy/300_train/12990_right.jpeg,1,0.0660104,0.153406,0.628772,0.0730596,0.0787517
Data/kaggleDiabeticRetinopathy/300_train/12991_left.jpeg,0,0.886357,0.0354328,0.0756302,0.00194689,0.000633465
Data/kaggleDiabeticRetinopathy/300_train/12991_right.jpeg,0,0.793205,0.0882695,0.115964,0.00211866,0.000442761
Data/kaggleDiabeticRetinopathy/300_train/12992_left.jpeg,2,0.146813,0.010894,0.552839,0.0623033,0.227151
Data/kaggleDiabeticRetinopathy/300_train/12992_right.jpeg,2,0.108235,0.0286005,0.847409,0.0134943,0.00226096
Data/kaggleDiabeticRetinopathy/300_train/12995_left.jpeg,4,0.00091119,0.00270275,0.568924,0.355941,0.0715212
Data/kaggleDiabeticRetinopathy/300_train/12995_right.jpeg,3,2.50469e-06,0.000149727,0.515861,0.446419,0.0375678
Data/kaggleDiabeticRetinopathy/300_train/12998_left.jpeg,0,0.886412,0.0680324,0.043571,0.00149001,0.000494969
Data/kaggleDiabeticRetinopathy/300_train/12998_right.jpeg,0,0.508947,0.281723,0.202225,0.00627068,0.00083496
Data/kaggleDiabeticRetinopathy/300_train/13099_left.jpeg,2,0.00051599,0.000185619,0.421144,0.284074,0.294081
Data/kaggleDiabeticRetinopathy/300_train/13099_right.jpeg,2,0.0239576,0.0027352,0.243617,0.0772225,0.652468
Data/kaggleDiabeticRetinopathy/300_train/13299_left.jpeg,0,0.985224,0.00374036,0.00990553,0.000456607,0.000673855
Data/kaggleDiabeticRetinopathy/300_train/13299_right.jpeg,0,0.991349,0.00511209,0.00340256,8.98982e-05,4.63929e-05
Data/kaggleDiabeticRetinopathy/300_train/13499_left.jpeg,0,0.887852,0.035228,0.0745912,0.00189105,0.000437363
Data/kaggleDiabeticRetinopathy/300_train/13499_right.jpeg,0,0.965355,0.0242925,0.0101516,0.000172049,2.90243e-05
Data/kaggleDiabeticRetinopathy/300_train/13599_left.jpeg,0,0.943706,0.0409007,0.0152833,9.74873e-05,1.29877e-05
Data/kaggleDiabeticRetinopathy/300_train/13599_right.jpeg,0,0.863746,0.104507,0.031458,0.000257749,3.09394e-05
Data/kaggleDiabeticRetinopathy/300_train/13991_left.jpeg,0,0.844012,0.0469801,0.0990556,0.00661782,0.0033341
Data/kaggleDiabeticRetinopathy/300_train/13991_right.jpeg,0,0.900338,0.0561012,0.041065,0.00171454,0.000781689
Data/kaggleDiabeticRetinopathy/300_train/13993_left.jpeg,0,0.932228,0.028013,0.0383955,0.00110802,0.000254998
Data/kaggleDiabeticRetinopathy/300_train/13993_right.jpeg,0,0.822526,0.0779082,0.0948543,0.00367215,0.00103937
Data/kaggleDiabeticRetinopathy/300_train/13994_left.jpeg,1,0.88189,0.0649703,0.0520967,0.000863122,0.000179463
Data/kaggleDiabeticRetinopathy/300_train/13994_right.jpeg,0,0.975447,0.0168339,0.00753531,0.000151933,3.14654e-05
Data/kaggleDiabeticRetinopathy/300_train/13995_left.jpeg,0,0.960215,0.0234496,0.0161447,0.000132669,5.7972e-05
Data/kaggleDiabeticRetinopathy/300_train/13995_right.jpeg,0,0.975375,0.0145074,0.0100142,7.5114e-05,2.80282e-05
Data/kaggleDiabeticRetinopathy/300_train/13997_left.jpeg,0,0.933883,0.0514576,0.0142349,0.000351159,7.29688e-05
Data/kaggleDiabeticRetinopathy/300_train/13997_right.jpeg,0,0.7724,0.13829,0.0860454,0.00251495,0.000750156
Data/kaggleDiabeticRetinopathy/300_train/13998_left.jpeg,0,0.941454,0.049175,0.00914685,0.00018051,4.42693e-05
Data/kaggleDiabeticRetinopathy/300_train/13998_right.jpeg,0,0.962577,0.029904,0.00728762,0.000173521,5.83317e-05
Data/kaggleDiabeticRetinopathy/300_train/13999_left.jpeg,4,0.00273659,7.44316e-05,0.0139083,0.332131,0.651149
Data/kaggleDiabeticRetinopathy/300_train/13999_right.jpeg,4,0.0488879,0.00115309,0.0232164,0.196581,0.730161
Data/kaggleDiabeticRetinopathy/300_train/14199_left.jpeg,0,0.916048,0.0291403,0.0535165,0.00101779,0.000277874
Data/kaggleDiabeticRetinopathy/300_train/14199_right.jpeg,0,0.925046,0.0485257,0.0257607,0.000571017,9.67972e-05
Data/kaggleDiabeticRetinopathy/300_train/14299_left.jpeg,0,0.954635,0.0307881,0.0143822,0.000173442,2.11099e-05
Data/kaggleDiabeticRetinopathy/300_train/14299_right.jpeg,0,0.95915,0.0264507,0.0141242,0.000246322,2.92179e-05
Data/kaggleDiabeticRetinopathy/300_train/14399_left.jpeg,0,0.908843,0.0789271,0.0120036,0.000181276,4.51939e-05
Data/kaggleDiabeticRetinopathy/300_train/14399_right.jpeg,0,0.866223,0.111884,0.021612,0.000250362,3.05118e-05
Data/kaggleDiabeticRetinopathy/300_train/14899_left.jpeg,0,0.961626,0.0295889,0.00865112,0.000108016,2.64453e-05
Data/kaggleDiabeticRetinopathy/300_train/14899_right.jpeg,0,0.925856,0.0513872,0.0222554,0.000304395,0.000196883
Data/kaggleDiabeticRetinopathy/300_train/14992_left.jpeg,2,0.00950188,0.156618,0.765831,0.0578617,0.0101874
Data/kaggleDiabeticRetinopathy/300_train/14992_right.jpeg,2,0.790202,0.0557531,0.132751,0.0169647,0.00432858
Data/kaggleDiabeticRetinopathy/300_train/14995_left.jpeg,0,0.948396,0.0450057,0.00644666,0.000116119,3.60827e-05
Data/kaggleDiabeticRetinopathy/300_train/14995_right.jpeg,0,0.247084,0.078995,0.657912,0.0142277,0.00178142
Data/kaggleDiabeticRetinopathy/300_train/14998_left.jpeg,0,0.941052,0.0418524,0.0156927,0.000321242,0.00108093
Data/kaggleDiabeticRetinopathy/300_train/14998_right.jpeg,0,0.886616,0.0754194,0.0362428,0.000810674,0.000911444
Data/kaggleDiabeticRetinopathy/300_train/14999_left.jpeg,0,0.955616,0.0323919,0.0118864,9.0746e-05,1.51657e-05
Data/kaggleDiabeticRetinopathy/300_train/14999_right.jpeg,0,0.95637,0.0358431,0.00773431,4.63609e-05,6.46363e-06
Data/kaggleDiabeticRetinopathy/300_train/15599_left.jpeg,0,0.945565,0.0319875,0.0221409,0.000267264,3.93785e-05
Data/kaggleDiabeticRetinopathy/300_train/15599_right.jpeg,0,0.93879,0.0470806,0.0139028,0.000179814,4.68298e-05
Data/kaggleDiabeticRetinopathy/300_train/15699_left.jpeg,0,0.0798179,0.0515496,0.843645,0.0188028,0.00618497
Data/kaggleDiabeticRetinopathy/300_train/15699_right.jpeg,0,0.906167,0.0438154,0.0493724,0.00054508,9.97624e-05
Data/kaggleDiabeticRetinopathy/300_train/15799_left.jpeg,2,0.000168217,0.0239246,0.928742,0.0374274,0.0097377
Data/kaggleDiabeticRetinopathy/300_train/15799_right.jpeg,2,0.00182841,0.0126101,0.839692,0.106599,0.0392714
Data/kaggleDiabeticRetinopathy/300_train/15899_left.jpeg,0,0.782308,0.0272728,0.174829,0.0115539,0.00403627
Data/kaggleDiabeticRetinopathy/300_train/15899_right.jpeg,0,0.878321,0.0380212,0.080859,0.00234765,0.000451661
Data/kaggleDiabeticRetinopathy/300_train/15991_left.jpeg,0,0.968015,0.0244797,0.00738722,9.52523e-05,2.31787e-05
Data/kaggleDiabeticRetinopathy/300_train/15991_right.jpeg,0,0.888797,0.0919331,0.0188663,0.00033883,6.4817e-05
Data/kaggleDiabeticRetinopathy/300_train/15993_left.jpeg,0,0.928648,0.0172439,0.0518719,0.00163127,0.000604868
Data/kaggleDiabeticRetinopathy/300_train/15993_right.jpeg,0,0.750479,0.0207771,0.209484,0.0110424,0.00821721
Data/kaggleDiabeticRetinopathy/300_train/15994_left.jpeg,1,0.896142,0.0664147,0.0368163,0.00054895,7.83916e-05
Data/kaggleDiabeticRetinopathy/300_train/15994_right.jpeg,0,0.627224,0.240011,0.130729,0.00172411,0.000311528
Data/kaggleDiabeticRetinopathy/300_train/16099_left.jpeg,0,0.788721,0.0681655,0.133759,0.00760993,0.00174534
Data/kaggleDiabeticRetinopathy/300_train/16099_right.jpeg,0,0.760539,0.103937,0.128812,0.00558943,0.00112252
Data/kaggleDiabeticRetinopathy/300_train/16299_left.jpeg,0,0.801543,0.0406086,0.149866,0.00718839,0.000794471
Data/kaggleDiabeticRetinopathy/300_train/16299_right.jpeg,0,0.949891,0.0311736,0.0179221,0.000811661,0.000201701
Data/kaggleDiabeticRetinopathy/300_train/16499_left.jpeg,0,0.958031,0.0268479,0.0146285,0.000434747,5.77358e-05
Data/kaggleDiabeticRetinopathy/300_train/16499_right.jpeg,0,0.911566,0.0514478,0.0357966,0.000918734,0.000270282
Data/kaggleDiabeticRetinopathy/300_train/16599_left.jpeg,0,0.925947,0.0229778,0.0490873,0.000743456,0.0012449
Data/kaggleDiabeticRetinopathy/300_train/16599_right.jpeg,0,0.924643,0.0249373,0.049808,0.000395525,0.000215887
Data/kaggleDiabeticRetinopathy/300_train/16899_left.jpeg,0,0.846728,0.0578078,0.0936357,0.00151055,0.000317899
Data/kaggleDiabeticRetinopathy/300_train/16899_right.jpeg,0,0.842044,0.0530767,0.0995199,0.00379644,0.00156301
Data/kaggleDiabeticRetinopathy/300_train/16991_left.jpeg,2,0.000321127,0.014139,0.665155,0.204966,0.115419
Data/kaggleDiabeticRetinopathy/300_train/16991_right.jpeg,2,0.526197,0.0282425,0.31095,0.0598228,0.0747876
Data/kaggleDiabeticRetinopathy/300_train/16993_left.jpeg,0,0.942622,0.0310374,0.0253165,0.000845776,0.000177993
Data/kaggleDiabeticRetinopathy/300_train/16993_right.jpeg,0,0.920233,0.0619535,0.0167215,0.000815482,0.000276587
Data/kaggleDiabeticRetinopathy/300_train/17299_left.jpeg,1,0.339864,0.0637043,0.547368,0.0256611,0.0234027
