
Data/kaggleDiabeticRetinopathy/300_train/99_left.jpeg,3,0.0632026,0.013454,0.519726,0.152687,0.250931
Data/kaggleDiabeticRetinopathy/300_train/99_right.jpeg,3,0.00207294,0.0165724,0.764598,0.160724,0.0560328
Data/kaggleDiabeticRetinopathy/300_train/199_left.jpeg,0,0.962613,0.0236742,0.0133222,0.000240909,0.000150137
Data/kaggleDiabeticRetinopathy/300_train/199_right.jpeg,0,0.927719,0.0440594,0.0266688,0.000837718,0.000715576
Data/kaggleDiabeticRetinopathy/300_train/299_left.jpeg,0,0.975425,0.0182774,0.00618289,9.79219e-05,1.72312e-05
Data/kaggleDiabeticRetinopathy/300_train/299_right.jpeg,0,0.90537,0.0692772,0.0247016,0.000501576,0.000149152
Data/kaggleDiabeticRetinopathy/300_train/399_left.jpeg,0,0.957564,0.032854,0.00930402,0.000219724,5.84948e-05
Data/kaggleDiabeticRetinopathy/300_train/399_right.jpeg,0,0.95142,0.0299054,0.0179911,0.000520171,0.000163731
Data/kaggleDiabeticRetinopathy/300_train/599_left.jpeg,0,0.963564,0.0222905,0.01357,0.000431066,0.000144726
Data/kaggleDiabeticRetinopathy/300_train/599_right.jpeg,0,0.952596,0.0286364,0.0180875,0.000508286,0.000171215
Data/kaggleDiabeticRetinopathy/300_train/799_left.jpeg,0,0.888212,0.0752204,0.0352482,0.00095459,0.000364899
Data/kaggleDiabeticRetinopathy/300_train/799_right.jpeg,0,0.884557,0.0902003,0.023986,0.000770945,0.000485398
Data/kaggleDiabeticRetinopathy/300_train/899_left.jpeg,0,0.901511,0.0590874,0.0381,0.000934816,0.000367162
Data/kaggleDiabeticRetinopathy/300_train/899_right.jpeg,0,0.961904,0.0238025,0.0138455,0.000347294,0.000100796
Data/kaggleDiabeticRetinopathy/300_train/990_left.jpeg,0,0.968696,0.0210337,0.0100187,0.000175251,7.63307e-05
Data/kaggleDiabeticRetinopathy/300_train/990_right.jpeg,0,0.883882,0.0392755,0.0721188,0.00218752,0.00253596
Data/kaggleDiabeticRetinopathy/300_train/992_left.jpeg,1,0.877784,0.0735463,0.0474715,0.00102322,0.000175521
Data/kaggleDiabeticRetinopathy/300_train/992_right.jpeg,0,0.90446,0.0629855,0.0316428,0.00069565,0.0002157
Data/kaggleDiabeticRetinopathy/300_train/994_left.jpeg,0,0.939977,0.0320477,0.0270225,0.000676523,0.000276773
Data/kaggleDiabeticRetinopathy/300_train/994_right.jpeg,0,0.750157,0.0915707,0.153684,0.00286835,0.00172013
Data/kaggleDiabeticRetinopathy/300_train/997_left.jpeg,0,0.955513,0.0291642,0.0151075,0.000165322,5.0337e-05
Data/kaggleDiabeticRetinopathy/300_train/997_right.jpeg,1,0.567798,0.112432,0.306302,0.00942484,0.00404336
Data/kaggleDiabeticRetinopathy/300_train/998_left.jpeg,0,0.955204,0.0275677,0.0166746,0.000415422,0.000138109
Data/kaggleDiabeticRetinopathy/300_train/998_right.jpeg,0,0.911502,0.0474076,0.0385286,0.00154775,0.00101399
Data/kaggleDiabeticRetinopathy/300_train/1099_left.jpeg,3,1.19084e-05,2.38972e-05,0.0652706,0.365806,0.568887
Data/kaggleDiabeticRetinopathy/300_train/1099_right.jpeg,4,7.06891e-16,3.72442e-16,5.04456e-10,1.99458e-07,1
Data/kaggleDiabeticRetinopathy/300_train/1199_left.jpeg,0,0.810784,0.166575,0.0220734,0.000414164,0.000153787
Data/kaggleDiabeticRetinopathy/300_train/1199_right.jpeg,0,0.949753,0.0412661,0.00877911,0.000159913,4.1875e-05
Data/kaggleDiabeticRetinopathy/300_train/1299_left.jpeg,0,0.933448,0.0417517,0.0239734,0.000648297,0.00017843
Data/kaggleDiabeticRetinopathy/300_train/1299_right.jpeg,0,0.968262,0.0239864,0.00758592,0.000141382,2.41951e-05
Data/kaggleDiabeticRetinopathy/300_train/1399_left.jpeg,0,0.940398,0.0226912,0.035312,0.0010644,0.000533924
Data/kaggleDiabeticRetinopathy/300_train/1399_right.jpeg,0,0.966779,0.0164945,0.0164059,0.000254825,6.60571e-05
Data/kaggleDiabeticRetinopathy/300_train/1499_left.jpeg,0,0.875899,0.0263482,0.0835185,0.00817459,0.00606014
Data/kaggleDiabeticRetinopathy/300_train/1499_right.jpeg,0,0.912644,0.0561478,0.0299869,0.000687323,0.000534051
Data/kaggleDiabeticRetinopathy/300_train/1599_left.jpeg,2,0.110702,0.0599341,0.521738,0.167486,0.140139
Data/kaggleDiabeticRetinopathy/300_train/1599_right.jpeg,2,0.000314936,0.00219116,0.723132,0.223953,0.050409
Data/kaggleDiabeticRetinopathy/300_train/1799_left.jpeg,0,0.976479,0.0176865,0.00573164,8.6686e-05,1.61242e-05
Data/kaggleDiabeticRetinopathy/300_train/1799_right.jpeg,0,0.928248,0.052495,0.0187859,0.000355116,0.000116263
Data/kaggleDiabeticRetinopathy/300_train/1991_left.jpeg,0,0.976965,0.0156399,0.00725158,0.000112945,3.01465e-05
Data/kaggleDiabeticRetinopathy/300_train/1991_right.jpeg,0,0.963856,0.0263466,0.00962054,0.000143369,3.3065e-05
Data/kaggleDiabeticRetinopathy/300_train/1997_left.jpeg,0,0.863445,0.0719177,0.0584457,0.00314207,0.00304927
Data/kaggleDiabeticRetinopathy/300_train/1997_right.jpeg,0,0.758019,0.137628,0.0982226,0.00409151,0.0020389
Data/kaggleDiabeticRetinopathy/300_train/1999_left.jpeg,1,0.922259,0.0563772,0.0204364,0.000619181,0.000308183
Data/kaggleDiabeticRetinopathy/300_train/1999_right.jpeg,0,0.909924,0.0483737,0.0402398,0.000864799,0.000597466
Data/kaggleDiabeticRetinopathy/300_train/2099_left.jpeg,0,0.931977,0.0264407,0.0401354,0.000782874,0.000664094
Data/kaggleDiabeticRetinopathy/300_train/2099_right.jpeg,2,0.0192347,0.0240747,0.869102,0.0620505,0.0255381
Data/kaggleDiabeticRetinopathy/300_train/2199_left.jpeg,0,0.966934,0.0255914,0.00730352,0.000144018,2.70002e-05
Data/kaggleDiabeticRetinopathy/300_train/2199_right.jpeg,0,0.981479,0.0161601,0.00234445,1.40388e-05,1.92796e-06
Data/kaggleDiabeticRetinopathy/300_train/2399_left.jpeg,0,0.932643,0.0392804,0.0263616,0.0010962,0.000618503
Data/kaggleDiabeticRetinopathy/300_train/2399_right.jpeg,0,0.911268,0.0725866,0.0155555,0.000415188,0.000174904
Data/kaggleDiabeticRetinopathy/300_train/2599_left.jpeg,0,0.955098,0.0284377,0.0160373,0.000340379,8.61461e-05
Data/kaggleDiabeticRetinopathy/300_train/2599_right.jpeg,0,0.955214,0.0348618,0.00978262,0.000118037,2.38838e-05
Data/kaggleDiabeticRetinopathy/300_train/2990_left.jpeg,0,0.918108,0.0288642,0.0514943,0.00108861,0.000444903
Data/kaggleDiabeticRetinopathy/300_train/2990_right.jpeg,0,0.926973,0.045836,0.0265164,0.000518593,0.000156417
Data/kaggleDiabeticRetinopathy/300_train/2992_left.jpeg,2,0.891006,0.0440497,0.0627972,0.00154959,0.000597074
Data/kaggleDiabeticRetinopathy/300_train/2992_right.jpeg,2,0.00111407,0.00242856,0.813006,0.144235,0.0392168
Data/kaggleDiabeticRetinopathy/300_train/2996_left.jpeg,0,0.961842,0.0281011,0.00981944,0.000179689,5.74583e-05
Data/kaggleDiabeticRetinopathy/300_train/2996_right.jpeg,0,0.934177,0.0461047,0.0190197,0.000462717,0.000236209
Data/kaggleDiabeticRetinopathy/300_train/2997_left.jpeg,0,0.906517,0.0525929,0.0395696,0.000988001,0.000332458
Data/kaggleDiabeticRetinopathy/300_train/2997_right.jpeg,0,0.936195,0.0466679,0.0166643,0.000328639,0.000143883
Data/kaggleDiabeticRetinopathy/300_train/2999_left.jpeg,0,0.96495,0.0215966,0.013118,0.000266938,6.84614e-05
Data/kaggleDiabeticRetinopathy/300_train/2999_right.jpeg,0,0.970324,0.0178533,0.0115244,0.00022545,7.25461e-05
Data/kaggleDiabeticRetinopathy/300_train/3699_left.jpeg,0,0.840662,0.0648392,0.0923449,0.00160443,0.000549516
Data/kaggleDiabeticRetinopathy/300_train/3699_right.jpeg,0,0.888902,0.070905,0.0390509,0.0008638,0.000278047
Data/kaggleDiabeticRetinopathy/300_train/3799_left.jpeg,0,0.894822,0.0394367,0.0611532,0.00251664,0.00207161
Data/kaggleDiabeticRetinopathy/300_train/3799_right.jpeg,0,0.733197,0.0418103,0.125379,0.0241414,0.0754722
Data/kaggleDiabeticRetinopathy/300_train/3992_left.jpeg,3,0.0223317,0.000863989,0.658515,0.122858,0.195431
Data/kaggleDiabeticRetinopathy/300_train/3992_right.jpeg,3,0.0027893,0.000210463,0.222475,0.0663396,0.708185
Data/kaggleDiabeticRetinopathy/300_train/3993_left.jpeg,4,0.00314244,4.24142e-05,0.00211942,0.000811536,0.993884
Data/kaggleDiabeticRetinopathy/300_train/3993_right.jpeg,4,0.00308871,9.21145e-05,0.00333124,0.00278913,0.990699
Data/kaggleDiabeticRetinopathy/300_train/3994_left.jpeg,0,0.36388,0.16478,0.430497,0.0226529,0.01819
Data/kaggleDiabeticRetinopathy/300_train/3994_right.jpeg,0,0.442417,0.0113609,0.408649,0.034741,0.102832
Data/kaggleDiabeticRetinopathy/300_train/3995_left.jpeg,0,0.96926,0.0114409,0.0186097,0.000463003,0.000226137
Data/kaggleDiabeticRetinopathy/300_train/3995_right.jpeg,0,0.729559,0.139147,0.123329,0.00566001,0.00230463
Data/kaggleDiabeticRetinopathy/300_train/4199_left.jpeg,0,0.882546,0.0476101,0.0675939,0.00136941,0.000880854
Data/kaggleDiabeticRetinopathy/300_train/4199_right.jpeg,0,0.930758,0.0217643,0.0456114,0.00117777,0.000688867
Data/kaggleDiabeticRetinopathy/300_train/4299_left.jpeg,0,0.94737,0.0415712,0.0108504,0.000165336,4.25595e-05
Data/kaggleDiabeticRetinopathy/300_train/4299_right.jpeg,0,0.477812,0.304562,0.202706,0.00772116,0.00719872
Data/kaggleDiabeticRetinopathy/300_train/4399_left.jpeg,2,0.210591,0.300416,0.468997,0.0160953,0.00389989
Data/kaggleDiabeticRetinopathy/300_train/4399_right.jpeg,2,0.0118018,0.0508851,0.818368,0.0858528,0.0330925
Data/kaggleDiabeticRetinopathy/300_train/4499_left.jpeg,0,0.780475,0.057732,0.099212,0.00714611,0.0554352
Data/kaggleDiabeticRetinopathy/300_train/4499_right.jpeg,0,0.848971,0.036996,0.0585676,0.00215347,0.0533119
Data/kaggleDiabeticRetinopathy/300_train/4599_left.jpeg,0,0.90901,0.0574986,0.032168,0.000997352,0.000325843
Data/kaggleDiabeticRetinopathy/300_train/4599_right.jpeg,0,0.945877,0.0377183,0.0158609,0.00043325,0.000110127
Data/kaggleDiabeticRetinopathy/300_train/4799_left.jpeg,0,0.898524,0.0494963,0.0499127,0.00152808,0.000538955
Data/kaggleDiabeticRetinopathy/300_train/4799_right.jpeg,0,0.836527,0.0748824,0.0867624,0.00124624,0.000582362
Data/kaggleDiabeticRetinopathy/300_train/4899_left.jpeg,0,0.904122,0.0495533,0.044524,0.00125553,0.000545384
Data/kaggleDiabeticRetinopathy/300_train/4899_right.jpeg,0,0.932147,0.0519793,0.0152061,0.00043698,0.000230745
Data/kaggleDiabeticRetinopathy/300_train/4990_left.jpeg,0,0.785241,0.0954768,0.114486,0.00346099,0.0013348
Data/kaggleDiabeticRetinopathy/300_train/4990_right.jpeg,0,0.899219,0.0737423,0.0263148,0.000532443,0.000191734
Data/kaggleDiabeticRetinopathy/300_train/4992_left.jpeg,0,0.387026,0.218001,0.367805,0.0121715,0.0149962
Data/kaggleDiabeticRetinopathy/300_train/4992_right.jpeg,0,0.524114,0.17749,0.273551,0.0114745,0.0133694
Data/kaggleDiabeticRetinopathy/300_train/4997_left.jpeg,0,0.941931,0.0440601,0.0136137,0.000271521,0.000123211
Data/kaggleDiabeticRetinopathy/300_train/4997_right.jpeg,0,0.86165,0.0933182,0.043297,0.00126076,0.000473764
Data/kaggleDiabeticRetinopathy/300_train/4998_left.jpeg,0,0.984924,0.0114788,0.00354413,4.54706e-05,7.78204e-06
Data/kaggleDiabeticRetinopathy/300_train/4998_right.jpeg,0,0.928603,0.0601361,0.011034,0.000198828,2.82353e-05
Data/kaggleDiabeticRetinopathy/300_train/4999_left.jpeg,0,0.936913,0.0483865,0.0142344,0.00035984,0.000106318
Data/kaggleDiabeticRetinopathy/300_train/4999_right.jpeg,0,0.949198,0.0368426,0.0135132,0.000345086,0.000100958
Data/kaggleDiabeticRetinopathy/300_train/5990_left.jpeg,2,0.00639076,0.0751063,0.821879,0.070053,0.026571
Data/kaggleDiabeticRetinopathy/300_train/5990_right.jpeg,0,0.0987983,0.139662,0.69667,0.0427123,0.0221581
Data/kaggleDiabeticRetinopathy/300_train/5991_left.jpeg,0,0.935067,0.0324347,0.0316851,0.000488118,0.00032531
Data/kaggleDiabeticRetinopathy/300_train/5991_right.jpeg,0,0.860339,0.0370603,0.101374,0.000934695,0.000291822
Data/kaggleDiabeticRetinopathy/300_train/5992_left.jpeg,0,0.943831,0.0416961,0.0139056,0.00036605,0.000200718
Data/kaggleDiabeticRetinopathy/300_train/5992_right.jpeg,0,0.842326,0.120963,0.03557,0.000852803,0.000288593
Data/kaggleDiabeticRetinopathy/300_train/5993_left.jpeg,0,0.974844,0.0174202,0.00743402,0.000233993,6.82502e-05
Data/kaggleDiabeticRetinopathy/300_train/5993_right.jpeg,0,0.972527,0.0184554,0.00868364,0.000253342,8.11881e-05
Data/kaggleDiabeticRetinopathy/300_train/5994_left.jpeg,1,0.010697,0.285159,0.657393,0.0316262,0.0151243
Data/kaggleDiabeticRetinopathy/300_train/5994_right.jpeg,1,0.168786,0.212176,0.582641,0.0290342,0.00736253
Data/kaggleDiabeticRetinopathy/300_train/5995_left.jpeg,0,0.948431,0.0424457,0.00884316,0.000220614,5.9851e-05
Data/kaggleDiabeticRetinopathy/300_train/5995_right.jpeg,0,0.954459,0.038332,0.00699962,0.000166717,4.30516e-05
Data/kaggleDiabeticRetinopathy/300_train/5999_left.jpeg,0,0.829658,0.131846,0.0370558,0.0011109,0.000329252
Data/kaggleDiabeticRetinopathy/300_train/5999_right.jpeg,0,0.919286,0.0583389,0.021242,0.000697857,0.000434841
Data/kaggleDiabeticRetinopathy/300_train/6199_left.jpeg,1,0.289145,0.369916,0.319626,0.0132673,0.00804579
Data/kaggleDiabeticRetinopathy/300_train/6199_right.jpeg,1,0.378897,0.277192,0.309898,0.00988344,0.0241296
Data/kaggleDiabeticRetinopathy/300_train/6299_left.jpeg,2,0.768992,0.037898,0.171936,0.00787557,0.0132987
Data/kaggleDiabeticRetinopathy/300_train/6299_right.jpeg,2,0.0294928,0.0159024,0.779213,0.103218,0.0721735
Data/kaggleDiabeticRetinopathy/300_train/6599_left.jpeg,2,0.937943,0.0152811,0.0122171,0.0004394,0.0341192
Data/kaggleDiabeticRetinopathy/300_train/6599_right.jpeg,2,0.954741,0.0242987,0.0151158,0.000478733,0.00536621
Data/kaggleDiabeticRetinopathy/300_train/6799_left.jpeg,0,0.914746,0.0726494,0.012491,0.00010027,1.37796e-05
Data/kaggleDiabeticRetinopathy/300_train/6799_right.jpeg,0,0.928879,0.0666331,0.00446202,2.24515e-05,2.94767e-06
Data/kaggleDiabeticRetinopathy/300_train/6990_left.jpeg,2,1.08804e-06,0.00034343,0.585401,0.377048,0.0372065
Data/kaggleDiabeticRetinopathy/300_train/6990_right.jpeg,2,1.0966e-06,0.00303502,0.715425,0.236159,0.0453798
Data/kaggleDiabeticRetinopathy/300_train/6995_left.jpeg,0,0.960807,0.0282246,0.010815,0.000125982,2.78796e-05
Data/kaggleDiabeticRetinopathy/300_train/6995_right.jpeg,0,0.955517,0.0323973,0.0118978,0.000157937,2.9891e-05
Data/kaggleDiabeticRetinopathy/300_train/6997_left.jpeg,3,1.77068e-06,3.62018e-05,0.224399,0.667754,0.10781
Data/kaggleDiabeticRetinopathy/300_train/6997_right.jpeg,4,6.42124e-08,2.06844e-06,0.0645121,0.548786,0.3867
Data/kaggleDiabeticRetinopathy/300_train/7299_left.jpeg,0,0.877165,0.0685283,0.0530278,0.00101703,0.000261543
Data/kaggleDiabeticRetinopathy/300_train/7299_right.jpeg,1,0.800922,0.0868381,0.109982,0.00168877,0.000568249
Data/kaggleDiabeticRetinopathy/300_train/7899_left.jpeg,0,0.919599,0.0551928,0.02479,0.00033989,7.86868e-05
Data/kaggleDiabeticRetinopathy/300_train/7899_right.jpeg,0,0.940239,0.0390891,0.0203536,0.00026956,4.90505e-05
Data/kaggleDiabeticRetinopathy/300_train/7991_left.jpeg,0,0.888362,0.0710292,0.0395479,0.000838807,0.000221724
Data/kaggleDiabeticRetinopathy/300_train/7991_right.jpeg,0,0.934603,0.0462327,0.0186773,0.000342595,0.000143816
Data/kaggleDiabeticRetinopathy/300_train/7992_left.jpeg,4,0.384316,0.0218849,0.102111,0.0247561,0.466932
Data/kaggleDiabeticRetinopathy/300_train/7992_right.jpeg,4,0.00292818,5.45547e-05,0.00312851,0.000815181,0.993074
Data/kaggleDiabeticRetinopathy/300_train/7993_left.jpeg,2,0.324886,0.14192,0.51564,0.013542,0.00401209
Data/kaggleDiabeticRetinopathy/300_train/7993_right.jpeg,2,0.319611,0.137829,0.524195,0.0137354,0.00462978
Data/kaggleDiabeticRetinopathy/300_train/7996_left.jpeg,0,0.891973,0.0752576,0.0318187,0.000755654,0.000195076
Data/kaggleDiabeticRetinopathy/300_train/7996_right.jpeg,0,0.870628,0.0961745,0.0322267,0.000781271,0.000189586
Data/kaggleDiabeticRetinopathy/300_train/7998_left.jpeg,0,0.93116,0.0600904,0.00856544,0.000127925,5.64535e-05
Data/kaggleDiabeticRetinopathy/300_train/7998_right.jpeg,0,0.885448,0.0983533,0.0158624,0.000245445,9.1155e-05
Data/kaggleDiabeticRetinopathy/300_train/8499_left.jpeg,0,0.873034,0.075,0.0494598,0.00160929,0.00089697
Data/kaggleDiabeticRetinopathy/300_train/8499_right.jpeg,2,0.155831,0.240713,0.570321,0.0241088,0.00902672
Data/kaggleDiabeticRetinopathy/300_train/8699_left.jpeg,3,6.28328e-05,0.000465081,0.552272,0.409089,0.0381113
Data/kaggleDiabeticRetinopathy/300_train/8699_right.jpeg,3,1.52679e-06,9.29519e-06,0.225352,0.731963,0.042674
Data/kaggleDiabeticRetinopathy/300_train/8799_left.jpeg,0,0.861794,0.0870455,0.0490418,0.00147142,0.000647781
Data/kaggleDiabeticRetinopathy/300_train/8799_right.jpeg,0,0.909754,0.0578514,0.0309372,0.00100235,0.000454641
Data/kaggleDiabeticRetinopathy/300_train/8899_left.jpeg,0,0.931894,0.0450493,0.0221545,0.000671659,0.000230704
Data/kaggleDiabeticRetinopathy/300_train/8899_right.jpeg,0,0.957239,0.0274909,0.0147611,0.000358093,0.00015095
Data/kaggleDiabeticRetinopathy/300_train/8993_left.jpeg,0,0.941744,0.0338641,0.0237169,0.000351643,0.000323391
Data/kaggleDiabeticRetinopathy/300_train/8993_right.jpeg,1,0.91432,0.044053,0.0407586,0.000575553,0.000292974
Data/kaggleDiabeticRetinopathy/300_train/8995_left.jpeg,2,0.00188253,0.029896,0.802836,0.134526,0.0308589
Data/kaggleDiabeticRetinopathy/300_train/8995_right.jpeg,2,0.00207468,0.0189975,0.816845,0.122213,0.0398699
Data/kaggleDiabeticRetinopathy/300_train/8999_left.jpeg,1,0.952746,0.0409463,0.00609492,0.000155947,5.70538e-05
Data/kaggleDiabeticRetinopathy/300_train/8999_right.jpeg,1,0.146221,0.499791,0.342756,0.00781823,0.00341438
Data/kaggleDiabeticRetinopathy/300_train/9099_left.jpeg,0,0.969396,0.0222022,0.00826892,0.000104284,2.89997e-05
Data/kaggleDiabeticRetinopathy/300_train/9099_right.jpeg,0,0.96935,0.0194726,0.0109486,0.000192657,3.66678e-05
Data/kaggleDiabeticRetinopathy/300_train/9199_left.jpeg,0,0.965545,0.0263858,0.00775482,0.000266996,4.76623e-05
Data/kaggleDiabeticRetinopathy/300_train/9199_right.jpeg,0,0.976855,0.0170027,0.00592733,0.00017346,4.14036e-05
Data/kaggleDiabeticRetinopathy/300_train/9499_left.jpeg,0,0.905921,0.054786,0.0385362,0.000594909,0.000161932
Data/kaggleDiabeticRetinopathy/300_train/9499_right.jpeg,0,0.726699,0.132737,0.135236,0.00417926,0.00114867
Data/kaggleDiabeticRetinopathy/300_train/9699_left.jpeg,0,0.932264,0.0214659,0.0445125,0.00102947,0.000728557
Data/kaggleDiabeticRetinopathy/300_train/9699_right.jpeg,0,0.954733,0.0263321,0.0182965,0.000446348,0.000192056
Data/kaggleDiabeticRetinopathy/300_train/9799_left.jpeg,2,0.371556,0.140997,0.464983,0.0162649,0.00619973
Data/kaggleDiabeticRetinopathy/300_train/9799_right.jpeg,2,0.234499,0.142754,0.582472,0.0289151,0.0113594
Data/kaggleDiabeticRetinopathy/300_train/9899_left.jpeg,2,0.0114918,0.0191617,0.7795,0.15275,0.0370967
Data/kaggleDiabeticRetinopathy/300_train/9899_right.jpeg,2,0.00784552,0.0232252,0.901301,0.0585377,0.00909022
Data/kaggleDiabeticRetinopathy/300_train/9900_left.jpeg,0,0.929785,0.0328939,0.0349152,0.00132777,0.00107767
Data/kaggleDiabeticRetinopathy/300_train/9900_right.jpeg,0,0.927901,0.0257332,0.0429227,0.00196571,0.0014772
Data/kaggleDiabeticRetinopathy/300_train/9906_left.jpeg,0,0.93907,0.0529064,0.00740476,0.000302034,0.000316686
Data/kaggleDiabeticRetinopathy/300_train/9906_right.jpeg,0,0.780641,0.170935,0.0211012,0.00200436,0.0253187
Data/kaggleDiabeticRetinopathy/300_train/9907_left.jpeg,2,0.00301563,0.00845175,0.809355,0.107104,0.0720732
Data/kaggleDiabeticRetinopathy/300_train/9907_right.jpeg,2,0.101618,0.0673765,0.753994,0.0487342,0.0282774
Data/kaggleDiabeticRetinopathy/300_train/9913_left.jpeg,0,0.927572,0.0427599,0.0280603,0.00118443,0.000423415
Data/kaggleDiabeticRetinopathy/300_train/9913_right.jpeg,0,0.924606,0.0522925,0.0219316,0.000859748,0.000310016
Data/kaggleDiabeticRetinopathy/300_train/9914_left.jpeg,2,0.000126707,0.00152402,0.644563,0.269731,0.0840546
Data/kaggleDiabeticRetinopathy/300_train/9914_right.jpeg,2,4.22334e-06,0.000269799,0.38197,0.471607,0.146149
Data/kaggleDiabeticRetinopathy/300_train/9919_left.jpeg,2,8.20841e-06,0.000891069,0.59373,0.367483,0.0378881
Data/kaggleDiabeticRetinopathy/300_train/9919_right.jpeg,2,4.42325e-05,0.00370031,0.754739,0.218086,0.0234304
Data/kaggleDiabeticRetinopathy/300_train/9925_left.jpeg,0,0.903894,0.0547732,0.0393605,0.0014597,0.000512707
Data/kaggleDiabeticRetinopathy/300_train/9925_right.jpeg,0,0.880699,0.0911108,0.0271719,0.00078763,0.000231002
Data/kaggleDiabeticRetinopathy/300_train/9927_left.jpeg,0,0.859778,0.0644673,0.072244,0.00250088,0.00100954
Data/kaggleDiabeticRetinopathy/300_train/9927_right.jpeg,0,0.958679,0.0266823,0.0137194,0.000456176,0.000463052
Data/kaggleDiabeticRetinopathy/300_train/9929_left.jpeg,0,0.946248,0.0360576,0.0171406,0.000431223,0.000122901
Data/kaggleDiabeticRetinopathy/300_train/9929_right.jpeg,0,0.914509,0.0553698,0.0285923,0.00102707,0.000502173
Data/kaggleDiabeticRetinopathy/300_train/9930_left.jpeg,2,0.000142113,1.14648e-05,0.0299262,0.0409502,0.92897
Data/kaggleDiabeticRetinopathy/300_train/9930_right.jpeg,2,0.0222068,0.00302803,0.340528,0.220598,0.413639
Data/kaggleDiabeticRetinopathy/300_train/9933_left.jpeg,1,0.427876,0.0553172,0.455831,0.0346975,0.026279
Data/kaggleDiabeticRetinopathy/300_train/9933_right.jpeg,1,0.502179,0.270101,0.214,0.00946444,0.00425609
Data/kaggleDiabeticRetinopathy/300_train/9934_left.jpeg,3,0.223219,0.0191025,0.442948,0.070007,0.244724
Data/kaggleDiabeticRetinopathy/300_train/9934_right.jpeg,2,5.23923e-05,0.00142453,0.53553,0.347204,0.115789
Data/kaggleDiabeticRetinopathy/300_train/9937_left.jpeg,0,0.802057,0.113413,0.0806853,0.00271777,0.00112647
Data/kaggleDiabeticRetinopathy/300_train/9937_right.jpeg,0,0.935745,0.0339706,0.0291149,0.000839358,0.000329489
Data/kaggleDiabeticRetinopathy/300_train/9939_left.jpeg,2,0.498614,0.166489,0.317945,0.00729759,0.00965409
Data/kaggleDiabeticRetinopathy/300_train/9939_right.jpeg,2,0.0004712,0.00181959,0.839087,0.109632,0.0489905
Data/kaggleDiabeticRetinopathy/300_train/9940_left.jpeg,0,0.91374,0.0424969,0.042884,0.000694157,0.000184943
Data/kaggleDiabeticRetinopathy/300_train/9940_right.jpeg,0,0.941559,0.0348538,0.0230538,0.000423075,0.000110392
Data/kaggleDiabeticRetinopathy/300_train/9942_left.jpeg,4,0.000812021,0.000859789,0.557591,0.302966,0.137771
Data/kaggleDiabeticRetinopathy/300_train/9942_right.jpeg,2,0.0306976,0.00347878,0.424994,0.154695,0.386135
Data/kaggleDiabeticRetinopathy/300_train/9945_left.jpeg,2,0.101267,0.0094453,0.615494,0.171251,0.102542
Data/kaggleDiabeticRetinopathy/300_train/9945_right.jpeg,2,0.149422,0.014598,0.695296,0.0738222,0.0668614
Data/kaggleDiabeticRetinopathy/300_train/9947_left.jpeg,2,0.25673,0.060247,0.658714,0.0155312,0.00877834
Data/kaggleDiabeticRetinopathy/300_train/9947_right.jpeg,0,0.954752,0.0298443,0.0150363,0.000257185,0.000110418
Data/kaggleDiabeticRetinopathy/300_train/9948_left.jpeg,0,0.942039,0.0273149,0.0244025,0.00193748,0.00430566
Data/kaggleDiabeticRetinopathy/300_train/9948_right.jpeg,2,0.939666,0.0437941,0.0161292,0.000302872,0.000107602
Data/kaggleDiabeticRetinopathy/300_train/9949_left.jpeg,0,0.954893,0.0261295,0.018202,0.000455443,0.000319775
Data/kaggleDiabeticRetinopathy/300_train/9949_right.jpeg,1,0.952781,0.0281023,0.0183454,0.000382575,0.000388933
Data/kaggleDiabeticRetinopathy/300_train/9951_left.jpeg,3,2.06759e-06,1.20069e-05,0.180725,0.709582,0.109678
Data/kaggleDiabeticRetinopathy/300_train/9951_right.jpeg,3,5.31231e-07,7.30325e-06,0.278657,0.637005,0.0843304
Data/kaggleDiabeticRetinopathy/300_train/9952_left.jpeg,2,0.000261888,0.00262351,0.748086,0.212167,0.0368609
Data/kaggleDiabeticRetinopathy/300_train/9952_right.jpeg,2,0.00085897,0.009448,0.802404,0.143062,0.044227
Data/kaggleDiabeticRetinopathy/300_train/9957_left.jpeg,0,0.878083,0.0367431,0.0757317,0.00395476,0.00548756
Data/kaggleDiabeticRetinopathy/300_train/9957_right.jpeg,0,0.962086,0.0205195,0.0161677,0.000610124,0.000616492
Data/kaggleDiabeticRetinopathy/300_train/9958_left.jpeg,0,0.933846,0.0303535,0.0344471,0.000646453,0.000706824
Data/kaggleDiabeticRetinopathy/300_train/9958_right.jpeg,0,0.953358,0.0218088,0.0239911,0.00033283,0.000508847
Data/kaggleDiabeticRetinopathy/300_train/9959_left.jpeg,1,0.256013,0.297228,0.434526,0.00860198,0.00363033
Data/kaggleDiabeticRetinopathy/300_train/9959_right.jpeg,1,0.44188,0.0736372,0.46171,0.0159741,0.00679887
Data/kaggleDiabeticRetinopathy/300_train/9961_left.jpeg,2,0.00910992,0.00296795,0.597794,0.0943998,0.295728
Data/kaggleDiabeticRetinopathy/300_train/9961_right.jpeg,2,5.43128e-05,0.000384268,0.584077,0.347481,0.0680043
Data/kaggleDiabeticRetinopathy/300_train/9963_left.jpeg,1,0.0262135,0.0418476,0.726566,0.127959,0.0774138
Data/kaggleDiabeticRetinopathy/300_train/9963_right.jpeg,1,2.53349e-05,0.00116485,0.623963,0.322326,0.0525207
Data/kaggleDiabeticRetinopathy/300_train/9964_left.jpeg,2,0.0230522,0.0730227,0.823152,0.0653136,0.0154592
Data/kaggleDiabeticRetinopathy/300_train/9964_right.jpeg,2,0.0906906,0.162476,0.714171,0.0264894,0.00617249
Data/kaggleDiabeticRetinopathy/300_train/9965_left.jpeg,0,0.982055,0.0116873,0.00616179,7.76389e-05,1.82101e-05
Data/kaggleDiabeticRetinopathy/300_train/9965_right.jpeg,0,0.967984,0.0199177,0.0118629,0.000157588,7.82026e-05
Data/kaggleDiabeticRetinopathy/300_train/9966_left.jpeg,0,0.958602,0.033738,0.00739963,0.000215532,4.51599e-05
Data/kaggleDiabeticRetinopathy/300_train/9966_right.jpeg,0,0.966959,0.028618,0.00425217,0.000132794,3.78862e-05
Data/kaggleDiabeticRetinopathy/300_train/9967_left.jpeg,0,0.54706,0.314129,0.1344,0.00311091,0.00129969
Data/kaggleDiabeticRetinopathy/300_train/9967_right.jpeg,0,0.761135,0.140586,0.0947051,0.00265972,0.000914409
Data/kaggleDiabeticRetinopathy/300_train/9971_left.jpeg,0,0.754808,0.0996238,0.133573,0.00824372,0.00375168
Data/kaggleDiabeticRetinopathy/300_train/9971_right.jpeg,0,0.890343,0.05941,0.0485655,0.00115918,0.000522199
Data/kaggleDiabeticRetinopathy/300_train/9972_left.jpeg,0,0.963336,0.0259262,0.0104567,0.000236292,4.47576e-05
Data/kaggleDiabeticRetinopathy/300_train/9972_right.jpeg,0,0.835853,0.0726301,0.0876598,0.00291953,0.000937989
Data/kaggleDiabeticRetinopathy/300_train/9975_left.jpeg,1,0.0705823,0.29174,0.620616,0.0140298,0.00303183
Data/kaggleDiabeticRetinopathy/300_train/9975_right.jpeg,1,0.903079,0.0741882,0.02217,0.000424045,0.000138778
Data/kaggleDiabeticRetinopathy/300_train/9976_left.jpeg,0,0.953261,0.0313079,0.0151059,0.000245641,7.91624e-05
Data/kaggleDiabeticRetinopathy/300_train/9976_right.jpeg,1,0.975328,0.0191204,0.00547422,6.5456e-05,1.2287e-05
Data/kaggleDiabeticRetinopathy/300_train/9977_left.jpeg,3,0.000147438,0.000194036,0.357252,0.473269,0.169137
Data/kaggleDiabeticRetinopathy/300_train/9977_right.jpeg,3,6.14009e-06,1.15032e-05,0.106715,0.70001,0.193257
Data/kaggleDiabeticRetinopathy/300_train/9979_left.jpeg,0,0.894879,0.0311023,0.0710685,0.00175647,0.00119357
Data/kaggleDiabeticRetinopathy/300_train/9979_right.jpeg,0,0.914317,0.0439555,0.0405608,0.000870666,0.00029604
Data/kaggleDiabeticRetinopathy/300_train/9980_left.jpeg,2,0.284823,0.37641,0.33184,0.00557377,0.00135337
Data/kaggleDiabeticRetinopathy/300_train/9980_right.jpeg,0,0.945042,0.0399993,0.0146687,0.000240649,4.92965e-05
Data/kaggleDiabeticRetinopathy/300_train/9984_left.jpeg,0,0.36628,0.27062,0.338503,0.0162881,0.00830868
Data/kaggleDiabeticRetinopathy/300_train/9984_right.jpeg,0,0.92758,0.0433667,0.0276537,0.00098163,0.000418293
Data/kaggleDiabeticRetinopathy/300_train/9992_left.jpeg,1,0.0152277,0.0108186,0.77145,0.122505,0.0799981
Data/kaggleDiabeticRetinopathy/300_train/9992_right.jpeg,1,0.16342,0.156297,0.641978,0.0263188,0.0119864
Data/kaggleDiabeticRetinopathy/300_train/9993_left.jpeg,0,0.952286,0.022567,0.0244996,0.000454975,0.000191824
Data/kaggleDiabeticRetinopathy/300_train/9993_right.jpeg,0,0.976418,0.0157666,0.00751609,0.000224937,7.46645e-05
Data/kaggleDiabeticRetinopathy/300_train/9996_left.jpeg,0,0.10803,0.447936,0.435032,0.00738371,0.00161771
Data/kaggleDiabeticRetinopathy/300_train/9996_right.jpeg,0,0.963173,0.0290685,0.00760486,0.000128099,2.56047e-05
Data/kaggleDiabeticRetinopathy/300_train/9998_left.jpeg,0,0.964519,0.022494,0.0126786,0.000254599,5.34e-05
Data/kaggleDiabeticRetinopathy/300_train/9998_right.jpeg,0,0.949447,0.0329499,0.0171261,0.000372871,0.000103867
Data/kaggleDiabeticRetinopathy/300_train/9999_left.jpeg,0,0.904148,0.0682156,0.0269775,0.000478711,0.000180804
Data/kaggleDiabeticRetinopathy/300_train/9999_right.jpeg,0,0.59818,0.276921,0.121789,0.00234709,0.000763077
Data/kaggleDiabeticRetinopathy/300_train/10099_left.jpeg,0,0.363038,0.137987,0.480898,0.0111226,0.00695453
Data/kaggleDiabeticRetinopathy/300_train/10099_right.jpeg,0,0.536222,0.256658,0.195785,0.00742029,0.00391353
Data/kaggleDiabeticRetinopathy/300_train/10199_left.jpeg,0,0.881881,0.0977309,0.0200471,0.000276935,6.40571e-05
Data/kaggleDiabeticRetinopathy/300_train/10199_right.jpeg,0,0.933638,0.0564533,0.0097939,9.50909e-05,1.93575e-05
Data/kaggleDiabeticRetinopathy/300_train/10994_left.jpeg,0,0.923654,0.0196051,0.053697,0.00173184,0.00131247
Data/kaggleDiabeticRetinopathy/300_train/10994_right.jpeg,0,0.93408,0.0397322,0.0252898,0.000648673,0.000249314
Data/kaggleDiabeticRetinopathy/300_train/10996_left.jpeg,0,0.610778,0.121838,0.221639,0.0195113,0.0262343
Data/kaggleDiabeticRetinopathy/300_train/10996_right.jpeg,1,0.0254877,0.756757,0.215285,0.00177247,0.000698549
Data/kaggleDiabeticRetinopathy/300_train/11099_left.jpeg,0,0.954214,0.0177203,0.0273278,0.00046509,0.000273128
Data/kaggleDiabeticRetinopathy/300_train/11099_right.jpeg,0,0.948081,0.0238058,0.0274,0.000480837,0.000232092
Data/kaggleDiabeticRetinopathy/300_train/11299_left.jpeg,0,0.969938,0.0244196,0.0055741,5.79413e-05,1.01371e-05
Data/kaggleDiabeticRetinopathy/300_train/11299_right.jpeg,0,0.761031,0.155436,0.080434,0.00252077,0.000577257
Data/kaggleDiabeticRetinopathy/300_train/11899_left.jpeg,0,0.954075,0.0113105,0.0321936,0.00171971,0.000701213
Data/kaggleDiabeticRetinopathy/300_train/11899_right.jpeg,0,0.604626,0.0734443,0.285567,0.0237502,0.0126128
Data/kaggleDiabeticRetinopathy/300_train/11990_left.jpeg,0,0.416745,0.200803,0.371638,0.00800385,0.00280962
Data/kaggleDiabeticRetinopathy/300_train/11990_right.jpeg,0,0.978428,0.0153066,0.00607744,0.000128167,5.97893e-05
Data/kaggleDiabeticRetinopathy/300_train/11992_left.jpeg,0,0.914861,0.0656797,0.0187961,0.000543429,0.000119288
Data/kaggleDiabeticRetinopathy/300_train/11992_right.jpeg,0,0.937108,0.0525799,0.0100352,0.000226622,5.03177e-05
Data/kaggleDiabeticRetinopathy/300_train/11995_left.jpeg,1,0.952777,0.0182348,0.028026,0.000685724,0.000276413
Data/kaggleDiabeticRetinopathy/300_train/11995_right.jpeg,1,0.916782,0.0408496,0.0409648,0.00093406,0.00046989
Data/kaggleDiabeticRetinopathy/300_train/11996_left.jpeg,0,0.952692,0.0298507,0.0170605,0.000217652,0.000179287
Data/kaggleDiabeticRetinopathy/300_train/11996_right.jpeg,0,0.947107,0.0322058,0.0202955,0.000255206,0.000136409
Data/kaggleDiabeticRetinopathy/300_train/11997_left.jpeg,0,0.816726,0.0516195,0.126925,0.00311307,0.0016167
Data/kaggleDiabeticRetinopathy/300_train/11997_right.jpeg,0,0.941386,0.0356967,0.0221489,0.000517818,0.000250332
Data/kaggleDiabeticRetinopathy/300_train/12299_left.jpeg,2,0.00702925,0.0117239,0.715371,0.14813,0.117745
Data/kaggleDiabeticRetinopathy/300_train/12299_right.jpeg,0,0.0843235,0.0938751,0.639824,0.105705,0.076272
Data/kaggleDiabeticRetinopathy/300_train/12399_left.jpeg,0,0.98495,0.0119653,0.00304563,3.34111e-05,5.49105e-06
Data/kaggleDiabeticRetinopathy/300_train/12399_right.jpeg,0,0.973687,0.0201171,0.00608032,9.2276e-05,2.33614e-05
Data/kaggleDiabeticRetinopathy/300_train/12699_left.jpeg,2,0.0990013,0.0476612,0.581949,0.104104,0.167285
Data/kaggleDiabeticRetinopathy/300_train/12699_right.jpeg,2,0.0301604,0.0166005,0.650212,0.162234,0.140792
Data/kaggleDiabeticRetinopathy/300_train/12799_left.jpeg,0,0.903443,0.0342941,0.0567142,0.00197902,0.00356959
Data/kaggleDiabeticRetinopathy/300_train/12799_right.jpeg,0,0.934945,0.0406409,0.0232952,0.000680683,0.000438068
Data/kaggleDiabeticRetinopathy/300_train/12990_left.jpeg,2,0.187555,0.115535,0.620557,0.0432366,0.0331161
Data/kaggleDiabeticRetinopathy/300_train/12990_right.jpeg,1,0.00893114,0.0824601,0.807694,0.066153,0.0347617
Data/kaggleDiabeticRetinopathy/300_train/12991_left.jpeg,0,0.792421,0.120989,0.0844302,0.00161922,0.000539892
Data/kaggleDiabeticRetinopathy/300_train/12991_right.jpeg,0,0.912658,0.0606713,0.0261173,0.000439386,0.000113881
Data/kaggleDiabeticRetinopathy/300_train/12992_left.jpeg,2,0.0708785,0.00609343,0.406495,0.0770753,0.439457
Data/kaggleDiabeticRetinopathy/300_train/12992_right.jpeg,2,0.0123451,0.00593808,0.752589,0.103064,0.126064
Data/kaggleDiabeticRetinopathy/300_train/12995_left.jpeg,4,0.000103017,0.00134673,0.627653,0.296165,0.0747316
Data/kaggleDiabeticRetinopathy/300_train/12995_right.jpeg,3,5.95531e-07,3.82635e-05,0.312653,0.620462,0.0668462
Data/kaggleDiabeticRetinopathy/300_train/12998_left.jpeg,0,0.847274,0.0555158,0.0941857,0.0020889,0.000935486
Data/kaggleDiabeticRetinopathy/300_train/12998_right.jpeg,0,0.65322,0.220559,0.12289,0.00269559,0.000635384
Data/kaggleDiabeticRetinopathy/300_train/13099_left.jpeg,2,0.00091874,0.000674212,0.42139,0.401665,0.175352
Data/kaggleDiabeticRetinopathy/300_train/13099_right.jpeg,2,0.00923992,0.00101447,0.141262,0.0987595,0.749724
Data/kaggleDiabeticRetinopathy/300_train/13299_left.jpeg,0,0.709473,0.0449936,0.211978,0.0145384,0.0190163
Data/kaggleDiabeticRetinopathy/300_train/13299_right.jpeg,0,0.943264,0.0205169,0.0332753,0.00115711,0.00178725
Data/kaggleDiabeticRetinopathy/300_train/13499_left.jpeg,0,0.788131,0.0378555,0.150092,0.0134883,0.0104332
Data/kaggleDiabeticRetinopathy/300_train/13499_right.jpeg,0,0.964867,0.0184467,0.0162456,0.000318966,0.000121861
Data/kaggleDiabeticRetinopathy/300_train/13599_left.jpeg,0,0.943197,0.043882,0.0126466,0.000213891,6.09287e-05
Data/kaggleDiabeticRetinopathy/300_train/13599_right.jpeg,0,0.969564,0.0240548,0.00616804,0.000147341,6.53382e-05
Data/kaggleDiabeticRetinopathy/300_train/13991_left.jpeg,0,0.916116,0.0469193,0.0353271,0.00116799,0.000469741
Data/kaggleDiabeticRetinopathy/300_train/13991_right.jpeg,0,0.89776,0.0687425,0.0324981,0.000703763,0.000295811
Data/kaggleDiabeticRetinopathy/300_train/13993_left.jpeg,0,0.813307,0.0687276,0.112652,0.00392756,0.00138676
Data/kaggleDiabeticRetinopathy/300_train/13993_right.jpeg,0,0.895155,0.0647373,0.0389455,0.000879522,0.000282907
Data/kaggleDiabeticRetinopathy/300_train/13994_left.jpeg,1,0.657198,0.172765,0.164636,0.00380659,0.00159464
Data/kaggleDiabeticRetinopathy/300_train/13994_right.jpeg,0,0.959823,0.0254425,0.0143668,0.000291342,7.67535e-05
Data/kaggleDiabeticRetinopathy/300_train/13995_left.jpeg,0,0.944667,0.0326019,0.0221851,0.000404129,0.000142226
Data/kaggleDiabeticRetinopathy/300_train/13995_right.jpeg,0,0.956152,0.0266406,0.0169631,0.000201574,4.28406e-05
Data/kaggleDiabeticRetinopathy/300_train/13997_left.jpeg,0,0.960169,0.0316114,0.00803303,0.000156393,2.99946e-05
Data/kaggleDiabeticRetinopathy/300_train/13997_right.jpeg,0,0.838561,0.0968672,0.0595454,0.00300436,0.00202159
Data/kaggleDiabeticRetinopathy/300_train/13998_left.jpeg,0,0.957638,0.0367099,0.00546769,0.00014436,4.00836e-05
Data/kaggleDiabeticRetinopathy/300_train/13998_right.jpeg,0,0.95952,0.0338873,0.00639964,0.000139051,5.40356e-05
Data/kaggleDiabeticRetinopathy/300_train/13999_left.jpeg,4,0.056868,0.0043286,0.0542619,0.32754,0.557001
Data/kaggleDiabeticRetinopathy/300_train/13999_right.jpeg,4,0.203017,0.00704627,0.0182268,0.0440485,0.727662
Data/kaggleDiabeticRetinopathy/300_train/14199_left.jpeg,0,0.970912,0.0112516,0.0173171,0.000361981,0.000157079
Data/kaggleDiabeticRetinopathy/300_train/14199_right.jpeg,0,0.94058,0.0372961,0.0211899,0.000707972,0.000225724
Data/kaggleDiabeticRetinopathy/300_train/14299_left.jpeg,0,0.95189,0.0315058,0.0162155,0.000298504,8.97227e-05
Data/kaggleDiabeticRetinopathy/300_train/14299_right.jpeg,0,0.920416,0.0504585,0.0282201,0.000664317,0.000240846
Data/kaggleDiabeticRetinopathy/300_train/14399_left.jpeg,0,0.845393,0.128007,0.0258976,0.000514698,0.000187274
Data/kaggleDiabeticRetinopathy/300_train/14399_right.jpeg,0,0.909979,0.0648813,0.0246835,0.00038585,6.99836e-05
Data/kaggleDiabeticRetinopathy/300_train/14899_left.jpeg,0,0.937227,0.0383823,0.0235635,0.000673134,0.000154107
Data/kaggleDiabeticRetinopathy/300_train/14899_right.jpeg,0,0.8899,0.059122,0.0485706,0.00131509,0.00109257
Data/kaggleDiabeticRetinopathy/300_train/14992_left.jpeg,2,0.0143301,0.162048,0.747941,0.0545506,0.0211306
Data/kaggleDiabeticRetinopathy/300_train/14992_right.jpeg,2,0.580482,0.191777,0.214521,0.00893072,0.00428983
Data/kaggleDiabeticRetinopathy/300_train/14995_left.jpeg,0,0.966209,0.0270696,0.00650959,0.000167325,4.47802e-05
Data/kaggleDiabeticRetinopathy/300_train/14995_right.jpeg,0,0.207258,0.0700805,0.701598,0.0162416,0.00482218
Data/kaggleDiabeticRetinopathy/300_train/14998_left.jpeg,0,0.927388,0.0430726,0.0279573,0.000556372,0.00102567
Data/kaggleDiabeticRetinopathy/300_train/14998_right.jpeg,0,0.891395,0.0775683,0.0264052,0.00181809,0.00281371
Data/kaggleDiabeticRetinopathy/300_train/14999_left.jpeg,0,0.965313,0.0242492,0.0102984,0.000118691,2.06307e-05
Data/kaggleDiabeticRetinopathy/300_train/14999_right.jpeg,0,0.910735,0.0633486,0.0254009,0.000421442,9.39939e-05
Data/kaggleDiabeticRetinopathy/300_train/15599_left.jpeg,0,0.913364,0.0639188,0.0221375,0.000441808,0.0001375
Data/kaggleDiabeticRetinopathy/300_train/15599_right.jpeg,0,0.892263,0.0798446,0.0273314,0.000450954,0.000109728
Data/kaggleDiabeticRetinopathy/300_train/15699_left.jpeg,0,0.34731,0.0829681,0.501284,0.0350865,0.0333508
Data/kaggleDiabeticRetinopathy/300_train/15699_right.jpeg,0,0.550829,0.0864611,0.337353,0.0149985,0.0103585
Data/kaggleDiabeticRetinopathy/300_train/15799_left.jpeg,2,0.00062042,0.0454096,0.909775,0.0356954,0.00849966
Data/kaggleDiabeticRetinopathy/300_train/15799_right.jpeg,2,0.00344382,0.0293966,0.838945,0.0942346,0.0339802
Data/kaggleDiabeticRetinopathy/300_train/15899_left.jpeg,0,0.832665,0.0231861,0.131077,0.00774443,0.00532664
Data/kaggleDiabeticRetinopathy/300_train/15899_right.jpeg,0,0.959533,0.019486,0.0202064,0.000585346,0.000189388
Data/kaggleDiabeticRetinopathy/300_train/15991_left.jpeg,0,0.967168,0.0273875,0.00529907,0.000111206,3.37588e-05
Data/kaggleDiabeticRetinopathy/300_train/15991_right.jpeg,0,0.850358,0.0643159,0.0826524,0.00227139,0.00040234
Data/kaggleDiabeticRetinopathy/300_train/15993_left.jpeg,0,0.961605,0.00897677,0.027789,0.000965382,0.000663603
Data/kaggleDiabeticRetinopathy/300_train/15993_right.jpeg,0,0.951558,0.00938541,0.0358982,0.00164009,0.00151872
Data/kaggleDiabeticRetinopathy/300_train/15994_left.jpeg,1,0.954465,0.0339309,0.011346,0.000197315,6.09784e-05
Data/kaggleDiabeticRetinopathy/300_train/15994_right.jpeg,0,0.322284,0.254981,0.413869,0.00711828,0.00174851
Data/kaggleDiabeticRetinopathy/300_train/16099_left.jpeg,0,0.858321,0.0663928,0.0707413,0.00324394,0.00130126
Data/kaggleDiabeticRetinopathy/300_train/16099_right.jpeg,0,0.695313,0.103402,0.188007,0.00966699,0.00361238
Data/kaggleDiabeticRetinopathy/300_train/16299_left.jpeg,0,0.135471,0.0407339,0.776318,0.0407857,0.00669149
Data/kaggleDiabeticRetinopathy/300_train/16299_right.jpeg,0,0.859538,0.0680864,0.0672038,0.00357143,0.00159995
Data/kaggleDiabeticRetinopathy/300_train/16499_left.jpeg,0,0.924528,0.0395814,0.0346412,0.00104308,0.000206752
Data/kaggleDiabeticRetinopathy/300_train/16499_right.jpeg,0,0.885834,0.070132,0.0418537,0.00150469,0.000675326
Data/kaggleDiabeticRetinopathy/300_train/16599_left.jpeg,0,0.935877,0.0249998,0.0375364,0.0011445,0.000442007
Data/kaggleDiabeticRetinopathy/300_train/16599_right.jpeg,0,0.85087,0.0518683,0.0941676,0.00183399,0.0012599
Data/kaggleDiabeticRetinopathy/300_train/16899_left.jpeg,0,0.731035,0.0553432,0.205189,0.00480743,0.00362543
Data/kaggleDiabeticRetinopathy/300_train/16899_right.jpeg,0,0.919321,0.0373432,0.036794,0.00224737,0.00429418
Data/kaggleDiabeticRetinopathy/300_train/16991_left.jpeg,2,0.0023011,0.0229448,0.747486,0.158513,0.0687553
Data/kaggleDiabeticRetinopathy/300_train/16991_right.jpeg,2,0.412727,0.112018,0.404967,0.0252943,0.0449931
Data/kaggleDiabeticRetinopathy/300_train/16993_left.jpeg,0,0.956553,0.0334638,0.00972138,0.000213656,4.85443e-05
Data/kaggleDiabeticRetinopathy/300_train/16993_right.jpeg,0,0.930835,0.047401,0.0207451,0.000799229,0.000219612
Data/kaggleDiabeticRetinopathy/300_train/17299_left.jpeg,1,0.0629103,0.0110242,0.770198,0.0778244,0.0780427
Data/kaggleDiabeticRetinopathy/300_train/17299_right.jpeg,0,0.902168,0.0300604,0.0661661,0.0011174,0.000488261
