
Data/kaggleDiabeticRetinopathy/500_train/99_left.jpeg,3,0.0400148,0.00868056,0.618966,0.168118,0.164221
Data/kaggleDiabeticRetinopathy/500_train/99_right.jpeg,3,0.0300757,0.0734073,0.825358,0.0593913,0.0117673
Data/kaggleDiabeticRetinopathy/500_train/199_left.jpeg,0,0.980386,0.0132048,0.00621126,0.000165365,3.27538e-05
Data/kaggleDiabeticRetinopathy/500_train/199_right.jpeg,0,0.921448,0.0274803,0.0495483,0.00095882,0.000564724
Data/kaggleDiabeticRetinopathy/500_train/299_left.jpeg,0,0.922625,0.059964,0.0171961,0.000201968,1.29098e-05
Data/kaggleDiabeticRetinopathy/500_train/299_right.jpeg,0,0.956584,0.0347104,0.00852212,0.000159064,2.42387e-05
Data/kaggleDiabeticRetinopathy/500_train/399_left.jpeg,0,0.970685,0.0248219,0.00439068,9.58257e-05,6.85105e-06
Data/kaggleDiabeticRetinopathy/500_train/399_right.jpeg,0,0.97532,0.0210022,0.00360016,6.90508e-05,8.3459e-06
Data/kaggleDiabeticRetinopathy/500_train/599_left.jpeg,0,0.92585,0.0486407,0.0246869,0.000405737,0.000416771
Data/kaggleDiabeticRetinopathy/500_train/599_right.jpeg,0,0.966995,0.0216463,0.0109915,0.000317212,5.01384e-05
Data/kaggleDiabeticRetinopathy/500_train/799_left.jpeg,0,0.932991,0.0474088,0.0190652,0.000471487,6.36484e-05
Data/kaggleDiabeticRetinopathy/500_train/799_right.jpeg,0,0.945573,0.0206038,0.0329429,0.000624672,0.000255284
Data/kaggleDiabeticRetinopathy/500_train/899_left.jpeg,0,0.960153,0.0294171,0.01027,0.000148253,1.13047e-05
Data/kaggleDiabeticRetinopathy/500_train/899_right.jpeg,0,0.964179,0.026008,0.0095991,0.000182458,3.20021e-05
Data/kaggleDiabeticRetinopathy/500_train/990_left.jpeg,0,0.834062,0.102632,0.0614672,0.00105395,0.000784403
Data/kaggleDiabeticRetinopathy/500_train/990_right.jpeg,0,0.910991,0.0438686,0.0428261,0.00125101,0.00106368
Data/kaggleDiabeticRetinopathy/500_train/992_left.jpeg,1,0.416803,0.21789,0.359601,0.00521608,0.000490618
Data/kaggleDiabeticRetinopathy/500_train/992_right.jpeg,0,0.951683,0.0323788,0.0157906,0.000138654,9.16807e-06
Data/kaggleDiabeticRetinopathy/500_train/994_left.jpeg,0,0.728147,0.164647,0.100875,0.00443505,0.0018954
Data/kaggleDiabeticRetinopathy/500_train/994_right.jpeg,0,0.975272,0.0147763,0.00955403,0.000290768,0.00010682
Data/kaggleDiabeticRetinopathy/500_train/997_left.jpeg,0,0.733405,0.0786601,0.184855,0.0028012,0.000278483
Data/kaggleDiabeticRetinopathy/500_train/997_right.jpeg,1,0.218049,0.0387142,0.729534,0.0123384,0.00136413
Data/kaggleDiabeticRetinopathy/500_train/998_left.jpeg,0,0.911175,0.0480873,0.0397539,0.000717121,0.000266478
Data/kaggleDiabeticRetinopathy/500_train/998_right.jpeg,0,0.806776,0.0457495,0.145447,0.00187363,0.000153347
Data/kaggleDiabeticRetinopathy/500_train/1099_left.jpeg,3,2.18015e-06,3.08417e-06,0.214965,0.550599,0.23443
Data/kaggleDiabeticRetinopathy/500_train/1099_right.jpeg,4,1.46431e-12,3.1408e-13,9.83303e-07,0.000112289,0.999887
Data/kaggleDiabeticRetinopathy/500_train/1199_left.jpeg,0,0.919248,0.0692561,0.0108612,0.00044777,0.000186934
Data/kaggleDiabeticRetinopathy/500_train/1199_right.jpeg,0,0.956386,0.037459,0.00600813,0.000136395,1.04036e-05
Data/kaggleDiabeticRetinopathy/500_train/1299_left.jpeg,0,0.938077,0.0386273,0.0226876,0.000549995,5.86028e-05
Data/kaggleDiabeticRetinopathy/500_train/1299_right.jpeg,0,0.959143,0.0356519,0.00507196,0.000124577,8.25306e-06
Data/kaggleDiabeticRetinopathy/500_train/1399_left.jpeg,0,0.979224,0.0163246,0.00433293,0.000106217,1.27729e-05
Data/kaggleDiabeticRetinopathy/500_train/1399_right.jpeg,0,0.927088,0.0425695,0.0291141,0.000940123,0.000288246
Data/kaggleDiabeticRetinopathy/500_train/1499_left.jpeg,0,0.873684,0.0327434,0.0901735,0.00282494,0.000573797
Data/kaggleDiabeticRetinopathy/500_train/1499_right.jpeg,0,0.916613,0.0546674,0.0284423,0.000233419,4.37505e-05
Data/kaggleDiabeticRetinopathy/500_train/1599_left.jpeg,2,0.042563,0.0390733,0.80261,0.0794167,0.0363373
Data/kaggleDiabeticRetinopathy/500_train/1599_right.jpeg,2,0.00100317,0.00282946,0.86592,0.110593,0.0196541
Data/kaggleDiabeticRetinopathy/500_train/1799_left.jpeg,0,0.983008,0.0134953,0.00341515,7.39569e-05,7.2735e-06
Data/kaggleDiabeticRetinopathy/500_train/1799_right.jpeg,0,0.967456,0.0252441,0.00719104,9.50814e-05,1.35073e-05
Data/kaggleDiabeticRetinopathy/500_train/1991_left.jpeg,0,0.97953,0.00932413,0.0110025,0.000137315,5.92064e-06
Data/kaggleDiabeticRetinopathy/500_train/1991_right.jpeg,0,0.988901,0.00791003,0.00315648,3.09798e-05,1.53647e-06
Data/kaggleDiabeticRetinopathy/500_train/1997_left.jpeg,0,0.914655,0.0387137,0.0459508,0.000558185,0.00012196
Data/kaggleDiabeticRetinopathy/500_train/1997_right.jpeg,0,0.855878,0.091836,0.0512513,0.00091876,0.000116197
Data/kaggleDiabeticRetinopathy/500_train/1999_left.jpeg,1,0.616236,0.320587,0.0592207,0.00237868,0.00157764
Data/kaggleDiabeticRetinopathy/500_train/1999_right.jpeg,0,0.979905,0.0144989,0.00544667,0.000127211,2.26234e-05
Data/kaggleDiabeticRetinopathy/500_train/2099_left.jpeg,0,0.741455,0.142059,0.11124,0.00186703,0.00337845
Data/kaggleDiabeticRetinopathy/500_train/2099_right.jpeg,2,0.00305501,0.0193172,0.940065,0.0356067,0.00195567
Data/kaggleDiabeticRetinopathy/500_train/2199_left.jpeg,0,0.970558,0.0242683,0.00511984,5.24515e-05,1.38846e-06
Data/kaggleDiabeticRetinopathy/500_train/2199_right.jpeg,0,0.967833,0.0264833,0.0056038,7.54407e-05,4.60481e-06
Data/kaggleDiabeticRetinopathy/500_train/2399_left.jpeg,0,0.671399,0.0547876,0.258463,0.00772183,0.00762871
Data/kaggleDiabeticRetinopathy/500_train/2399_right.jpeg,0,0.972149,0.0249861,0.00277249,8.38719e-05,8.66061e-06
Data/kaggleDiabeticRetinopathy/500_train/2599_left.jpeg,0,0.942251,0.0395595,0.017716,0.000429995,4.35007e-05
Data/kaggleDiabeticRetinopathy/500_train/2599_right.jpeg,0,0.941383,0.0368471,0.0212233,0.000452073,9.43358e-05
Data/kaggleDiabeticRetinopathy/500_train/2990_left.jpeg,0,0.935637,0.0155824,0.0476091,0.000976175,0.00019526
Data/kaggleDiabeticRetinopathy/500_train/2990_right.jpeg,0,0.973857,0.0155695,0.0103598,0.000185077,2.86213e-05
Data/kaggleDiabeticRetinopathy/500_train/2992_left.jpeg,2,0.0710726,0.025424,0.885602,0.0164239,0.00147771
Data/kaggleDiabeticRetinopathy/500_train/2992_right.jpeg,2,0.00401211,0.00160474,0.964859,0.0250984,0.00442614
Data/kaggleDiabeticRetinopathy/500_train/2996_left.jpeg,0,0.966196,0.0255874,0.00794677,0.000211799,5.81222e-05
Data/kaggleDiabeticRetinopathy/500_train/2996_right.jpeg,0,0.968632,0.0237618,0.00734815,0.000224357,3.37963e-05
Data/kaggleDiabeticRetinopathy/500_train/2997_left.jpeg,0,0.938375,0.0296785,0.0316585,0.000252602,3.53114e-05
Data/kaggleDiabeticRetinopathy/500_train/2997_right.jpeg,0,0.956811,0.0303082,0.012664,0.000187673,2.8883e-05
Data/kaggleDiabeticRetinopathy/500_train/2999_left.jpeg,0,0.871887,0.0514264,0.0747149,0.00144346,0.000527659
Data/kaggleDiabeticRetinopathy/500_train/2999_right.jpeg,0,0.981383,0.0110784,0.00742364,0.000108375,6.93127e-06
Data/kaggleDiabeticRetinopathy/500_train/3699_left.jpeg,0,0.916839,0.0510495,0.0317474,0.00035074,1.33585e-05
Data/kaggleDiabeticRetinopathy/500_train/3699_right.jpeg,0,0.270692,0.602042,0.126005,0.00106375,0.000197048
Data/kaggleDiabeticRetinopathy/500_train/3799_left.jpeg,0,0.917781,0.0277148,0.052445,0.00142098,0.000637883
Data/kaggleDiabeticRetinopathy/500_train/3799_right.jpeg,0,0.792475,0.0683514,0.124641,0.00796466,0.00656835
Data/kaggleDiabeticRetinopathy/500_train/3992_left.jpeg,3,0.339559,0.00130146,0.581057,0.0134795,0.0646035
Data/kaggleDiabeticRetinopathy/500_train/3992_right.jpeg,3,0.00118035,3.73822e-05,0.178316,0.0151387,0.805328
Data/kaggleDiabeticRetinopathy/500_train/3993_left.jpeg,4,0.0176522,0.000246502,0.0184495,0.00867001,0.954982
Data/kaggleDiabeticRetinopathy/500_train/3993_right.jpeg,4,0.0331647,0.000239231,0.0219954,0.00813486,0.936466
Data/kaggleDiabeticRetinopathy/500_train/3994_left.jpeg,0,0.85995,0.115716,0.0239398,0.000326245,6.85575e-05
Data/kaggleDiabeticRetinopathy/500_train/3994_right.jpeg,0,0.941978,0.011174,0.0452818,0.000724649,0.00084108
Data/kaggleDiabeticRetinopathy/500_train/3995_left.jpeg,0,0.849169,0.0363437,0.113048,0.00123721,0.000201549
Data/kaggleDiabeticRetinopathy/500_train/3995_right.jpeg,0,0.509525,0.343989,0.144006,0.00205419,0.000425054
Data/kaggleDiabeticRetinopathy/500_train/4199_left.jpeg,0,0.961813,0.0194766,0.0185595,0.000128978,2.16409e-05
Data/kaggleDiabeticRetinopathy/500_train/4199_right.jpeg,0,0.944761,0.014822,0.0397507,0.000541845,0.000124187
Data/kaggleDiabeticRetinopathy/500_train/4299_left.jpeg,0,0.971517,0.0215646,0.00681324,9.84703e-05,7.19317e-06
Data/kaggleDiabeticRetinopathy/500_train/4299_right.jpeg,0,0.745121,0.102063,0.149546,0.00259714,0.000672347
Data/kaggleDiabeticRetinopathy/500_train/4399_left.jpeg,2,0.0569163,0.341037,0.589189,0.00866466,0.00419316
Data/kaggleDiabeticRetinopathy/500_train/4399_right.jpeg,2,0.00956698,0.0626819,0.850282,0.0423641,0.0351053
Data/kaggleDiabeticRetinopathy/500_train/4499_left.jpeg,0,0.842268,0.118414,0.0376371,0.000521126,0.00115917
Data/kaggleDiabeticRetinopathy/500_train/4499_right.jpeg,0,0.880407,0.100519,0.0171899,0.000224564,0.00165905
Data/kaggleDiabeticRetinopathy/500_train/4599_left.jpeg,0,0.911099,0.064716,0.0236462,0.000487774,5.05259e-05
Data/kaggleDiabeticRetinopathy/500_train/4599_right.jpeg,0,0.953892,0.0364409,0.00939185,0.000256432,1.85e-05
Data/kaggleDiabeticRetinopathy/500_train/4799_left.jpeg,0,0.543671,0.050192,0.40021,0.0049788,0.000947907
Data/kaggleDiabeticRetinopathy/500_train/4799_right.jpeg,0,0.985458,0.0102695,0.00420819,6.0864e-05,3.80909e-06
Data/kaggleDiabeticRetinopathy/500_train/4899_left.jpeg,0,0.93395,0.0224752,0.0430201,0.000432677,0.000122571
Data/kaggleDiabeticRetinopathy/500_train/4899_right.jpeg,0,0.974656,0.021617,0.00352856,0.000137044,6.15448e-05
Data/kaggleDiabeticRetinopathy/500_train/4990_left.jpeg,0,0.934376,0.0353923,0.0298397,0.000340868,5.16025e-05
Data/kaggleDiabeticRetinopathy/500_train/4990_right.jpeg,0,0.968521,0.0204573,0.0106068,0.000240098,0.000174942
Data/kaggleDiabeticRetinopathy/500_train/4992_left.jpeg,0,0.475519,0.110778,0.395904,0.00708758,0.010711
Data/kaggleDiabeticRetinopathy/500_train/4992_right.jpeg,0,0.404893,0.0535896,0.508231,0.0139538,0.0193323
Data/kaggleDiabeticRetinopathy/500_train/4997_left.jpeg,0,0.974951,0.0206798,0.00426849,9.08737e-05,9.73552e-06
Data/kaggleDiabeticRetinopathy/500_train/4997_right.jpeg,0,0.904164,0.0809543,0.0146608,0.000205294,1.52017e-05
Data/kaggleDiabeticRetinopathy/500_train/4998_left.jpeg,0,0.972689,0.0221256,0.00509536,8.52643e-05,4.35137e-06
Data/kaggleDiabeticRetinopathy/500_train/4998_right.jpeg,0,0.951223,0.0393825,0.00922361,0.000165396,5.65828e-06
Data/kaggleDiabeticRetinopathy/500_train/4999_left.jpeg,0,0.965725,0.0295474,0.00450622,0.000170267,5.10598e-05
Data/kaggleDiabeticRetinopathy/500_train/4999_right.jpeg,0,0.961312,0.0335013,0.00502648,0.000137996,2.23545e-05
Data/kaggleDiabeticRetinopathy/500_train/5990_left.jpeg,2,0.00745859,0.142087,0.811838,0.0360192,0.00259697
Data/kaggleDiabeticRetinopathy/500_train/5990_right.jpeg,0,0.109214,0.28077,0.596362,0.0120658,0.00158888
Data/kaggleDiabeticRetinopathy/500_train/5991_left.jpeg,0,0.977748,0.0175441,0.00465282,4.72616e-05,7.85191e-06
Data/kaggleDiabeticRetinopathy/500_train/5991_right.jpeg,0,0.881043,0.0777056,0.0410633,0.000144691,4.36151e-05
Data/kaggleDiabeticRetinopathy/500_train/5992_left.jpeg,0,0.98087,0.0148976,0.00413524,8.11165e-05,1.62986e-05
Data/kaggleDiabeticRetinopathy/500_train/5992_right.jpeg,0,0.962452,0.032202,0.00519115,0.000137543,1.73456e-05
Data/kaggleDiabeticRetinopathy/500_train/5993_left.jpeg,0,0.971498,0.0206987,0.00749611,0.000260303,4.68737e-05
Data/kaggleDiabeticRetinopathy/500_train/5993_right.jpeg,0,0.977167,0.0161864,0.00626872,0.000273341,0.000104948
Data/kaggleDiabeticRetinopathy/500_train/5994_left.jpeg,1,0.000204099,0.0320764,0.937093,0.0278953,0.00273127
Data/kaggleDiabeticRetinopathy/500_train/5994_right.jpeg,1,0.490056,0.315996,0.189807,0.00376379,0.000377503
Data/kaggleDiabeticRetinopathy/500_train/5995_left.jpeg,0,0.975097,0.0226393,0.00221022,5.12491e-05,2.70285e-06
Data/kaggleDiabeticRetinopathy/500_train/5995_right.jpeg,0,0.978551,0.0188659,0.00251328,6.51278e-05,4.71148e-06
Data/kaggleDiabeticRetinopathy/500_train/5999_left.jpeg,0,0.959054,0.0345733,0.00612831,0.00021953,2.523e-05
Data/kaggleDiabeticRetinopathy/500_train/5999_right.jpeg,0,0.849932,0.0876795,0.0596944,0.00140675,0.00128744
Data/kaggleDiabeticRetinopathy/500_train/6199_left.jpeg,1,0.213309,0.48761,0.290764,0.00552157,0.00279575
Data/kaggleDiabeticRetinopathy/500_train/6199_right.jpeg,1,0.195165,0.300628,0.487063,0.00844325,0.00870081
Data/kaggleDiabeticRetinopathy/500_train/6299_left.jpeg,2,0.177672,0.0165984,0.585633,0.089271,0.130825
Data/kaggleDiabeticRetinopathy/500_train/6299_right.jpeg,2,0.015526,0.0141836,0.816894,0.116094,0.0373026
Data/kaggleDiabeticRetinopathy/500_train/6599_left.jpeg,2,0.946472,0.0309622,0.0139566,0.000338802,0.00827092
Data/kaggleDiabeticRetinopathy/500_train/6599_right.jpeg,2,0.96769,0.0196036,0.0120148,0.000149486,0.000541619
Data/kaggleDiabeticRetinopathy/500_train/6799_left.jpeg,0,0.968192,0.02683,0.00490126,7.39991e-05,3.14685e-06
Data/kaggleDiabeticRetinopathy/500_train/6799_right.jpeg,0,0.928497,0.0631203,0.00817443,0.000200615,7.61655e-06
Data/kaggleDiabeticRetinopathy/500_train/6990_left.jpeg,2,2.95021e-06,0.000661657,0.901468,0.0922939,0.00557382
Data/kaggleDiabeticRetinopathy/500_train/6990_right.jpeg,2,2.86829e-06,0.00046811,0.811966,0.168038,0.0195246
Data/kaggleDiabeticRetinopathy/500_train/6995_left.jpeg,0,0.975165,0.020532,0.00424426,5.64873e-05,1.80637e-06
Data/kaggleDiabeticRetinopathy/500_train/6995_right.jpeg,0,0.972532,0.0224856,0.0049465,3.4998e-05,8.39797e-07
Data/kaggleDiabeticRetinopathy/500_train/6997_left.jpeg,3,7.90934e-06,2.55969e-05,0.277102,0.609478,0.113387
Data/kaggleDiabeticRetinopathy/500_train/6997_right.jpeg,4,1.60668e-06,1.06665e-06,0.135918,0.432201,0.431878
Data/kaggleDiabeticRetinopathy/500_train/7299_left.jpeg,0,0.918314,0.0651926,0.0162142,0.000262005,1.72505e-05
Data/kaggleDiabeticRetinopathy/500_train/7299_right.jpeg,1,0.847649,0.0952898,0.0565278,0.000508713,2.52834e-05
Data/kaggleDiabeticRetinopathy/500_train/7899_left.jpeg,0,0.971593,0.0219724,0.0063689,6.48313e-05,1.26566e-06
Data/kaggleDiabeticRetinopathy/500_train/7899_right.jpeg,0,0.978205,0.0142395,0.00741854,0.000128203,8.43021e-06
Data/kaggleDiabeticRetinopathy/500_train/7991_left.jpeg,0,0.934453,0.0563881,0.00887561,0.00024175,4.11241e-05
Data/kaggleDiabeticRetinopathy/500_train/7991_right.jpeg,0,0.958597,0.0364376,0.0048054,0.0001304,2.95632e-05
Data/kaggleDiabeticRetinopathy/500_train/7992_left.jpeg,4,0.0894528,0.000495947,0.0277651,0.0085047,0.873782
Data/kaggleDiabeticRetinopathy/500_train/7992_right.jpeg,4,0.000316675,1.6299e-06,0.00234019,0.00129947,0.996042
Data/kaggleDiabeticRetinopathy/500_train/7993_left.jpeg,2,0.742307,0.0633506,0.192702,0.00154101,9.99661e-05
Data/kaggleDiabeticRetinopathy/500_train/7993_right.jpeg,2,0.518997,0.0729625,0.403063,0.00421716,0.000760144
Data/kaggleDiabeticRetinopathy/500_train/7996_left.jpeg,0,0.957227,0.0331118,0.00937346,0.000258993,2.83591e-05
Data/kaggleDiabeticRetinopathy/500_train/7996_right.jpeg,0,0.959888,0.0318144,0.00813046,0.000157311,9.99119e-06
Data/kaggleDiabeticRetinopathy/500_train/7998_left.jpeg,0,0.975953,0.0212398,0.00277605,2.76501e-05,2.99986e-06
Data/kaggleDiabeticRetinopathy/500_train/7998_right.jpeg,0,0.966923,0.0301708,0.0027767,0.000104631,2.50686e-05
Data/kaggleDiabeticRetinopathy/500_train/8499_left.jpeg,0,0.331806,0.196185,0.458504,0.0113299,0.00217498
Data/kaggleDiabeticRetinopathy/500_train/8499_right.jpeg,2,0.307425,0.40882,0.275148,0.00660913,0.00199789
Data/kaggleDiabeticRetinopathy/500_train/8699_left.jpeg,3,4.61765e-06,3.883e-05,0.619604,0.33,0.0503521
Data/kaggleDiabeticRetinopathy/500_train/8699_right.jpeg,3,4.20535e-05,5.39059e-05,0.514945,0.36627,0.118689
Data/kaggleDiabeticRetinopathy/500_train/8799_left.jpeg,0,0.764412,0.104983,0.126953,0.00211782,0.00153391
Data/kaggleDiabeticRetinopathy/500_train/8799_right.jpeg,0,0.84852,0.0826054,0.0678781,0.000769718,0.000226442
Data/kaggleDiabeticRetinopathy/500_train/8899_left.jpeg,0,0.951463,0.0379663,0.0102057,0.000294619,7.02873e-05
Data/kaggleDiabeticRetinopathy/500_train/8899_right.jpeg,0,0.964222,0.0264789,0.00911073,0.000175621,1.2736e-05
Data/kaggleDiabeticRetinopathy/500_train/8993_left.jpeg,0,0.962708,0.0252984,0.0117783,0.00013648,7.89551e-05
Data/kaggleDiabeticRetinopathy/500_train/8993_right.jpeg,1,0.946661,0.0338475,0.0188296,0.000392115,0.000269562
Data/kaggleDiabeticRetinopathy/500_train/8995_left.jpeg,2,0.00226488,0.0449413,0.903041,0.0442156,0.00553745
Data/kaggleDiabeticRetinopathy/500_train/8995_right.jpeg,2,0.00621224,0.0230625,0.882439,0.0590423,0.0292439
Data/kaggleDiabeticRetinopathy/500_train/8999_left.jpeg,1,0.517201,0.40735,0.0745252,0.000807075,0.000116262
Data/kaggleDiabeticRetinopathy/500_train/8999_right.jpeg,1,0.151158,0.616982,0.230714,0.000988953,0.000157721
Data/kaggleDiabeticRetinopathy/500_train/9099_left.jpeg,0,0.975468,0.0188731,0.00553127,0.000118916,8.46631e-06
Data/kaggleDiabeticRetinopathy/500_train/9099_right.jpeg,0,0.915689,0.0569041,0.0270709,0.000315713,2.03439e-05
Data/kaggleDiabeticRetinopathy/500_train/9199_left.jpeg,0,0.957389,0.0197942,0.0220591,0.00068701,7.01916e-05
Data/kaggleDiabeticRetinopathy/500_train/9199_right.jpeg,0,0.967293,0.0253977,0.00705064,0.000227486,3.13967e-05
Data/kaggleDiabeticRetinopathy/500_train/9499_left.jpeg,0,0.865941,0.0686102,0.0646322,0.00075262,6.37932e-05
Data/kaggleDiabeticRetinopathy/500_train/9499_right.jpeg,0,0.912102,0.0498938,0.0371495,0.00074517,0.00010968
Data/kaggleDiabeticRetinopathy/500_train/9699_left.jpeg,0,0.971927,0.0158975,0.0115793,0.000476626,0.000119666
Data/kaggleDiabeticRetinopathy/500_train/9699_right.jpeg,0,0.974485,0.0169461,0.0083839,0.000159659,2.50707e-05
Data/kaggleDiabeticRetinopathy/500_train/9799_left.jpeg,2,0.00778814,0.00818175,0.933015,0.0442689,0.00674666
Data/kaggleDiabeticRetinopathy/500_train/9799_right.jpeg,2,0.165698,0.27438,0.528639,0.0260613,0.00522257
Data/kaggleDiabeticRetinopathy/500_train/9899_left.jpeg,2,0.0264064,0.0127305,0.80338,0.117087,0.0403964
Data/kaggleDiabeticRetinopathy/500_train/9899_right.jpeg,2,0.000959948,0.0032355,0.909652,0.0794654,0.00668749
Data/kaggleDiabeticRetinopathy/500_train/9900_left.jpeg,0,0.971442,0.0134149,0.0147399,0.000296363,0.000106683
Data/kaggleDiabeticRetinopathy/500_train/9900_right.jpeg,0,0.970403,0.0153087,0.0135543,0.000549423,0.000184115
Data/kaggleDiabeticRetinopathy/500_train/9906_left.jpeg,0,0.983067,0.015495,0.00140362,2.8612e-05,6.03007e-06
Data/kaggleDiabeticRetinopathy/500_train/9906_right.jpeg,0,0.628944,0.324893,0.0412165,0.000964282,0.00398201
Data/kaggleDiabeticRetinopathy/500_train/9907_left.jpeg,2,0.00534348,0.0744008,0.86527,0.0340077,0.0209783
Data/kaggleDiabeticRetinopathy/500_train/9907_right.jpeg,2,0.101936,0.0343406,0.832857,0.0195301,0.0113364
Data/kaggleDiabeticRetinopathy/500_train/9913_left.jpeg,0,0.983324,0.0141487,0.00242405,8.63504e-05,1.73739e-05
Data/kaggleDiabeticRetinopathy/500_train/9913_right.jpeg,0,0.971487,0.0219056,0.00636418,0.000216456,2.69546e-05
Data/kaggleDiabeticRetinopathy/500_train/9914_left.jpeg,2,0.000195794,0.00109697,0.813357,0.158702,0.0266489
Data/kaggleDiabeticRetinopathy/500_train/9914_right.jpeg,2,1.87403e-05,0.000135563,0.452447,0.276755,0.270644
Data/kaggleDiabeticRetinopathy/500_train/9919_left.jpeg,2,0.000193155,0.00378276,0.88593,0.0596932,0.0504011
Data/kaggleDiabeticRetinopathy/500_train/9919_right.jpeg,2,0.000182325,0.00187823,0.875342,0.0970415,0.0255557
Data/kaggleDiabeticRetinopathy/500_train/9925_left.jpeg,0,0.737556,0.0873887,0.169289,0.00405177,0.00171509
Data/kaggleDiabeticRetinopathy/500_train/9925_right.jpeg,0,0.954997,0.0347207,0.00951019,0.000586617,0.000185629
Data/kaggleDiabeticRetinopathy/500_train/9927_left.jpeg,0,0.933623,0.034036,0.0318152,0.000463861,6.16585e-05
Data/kaggleDiabeticRetinopathy/500_train/9927_right.jpeg,0,0.959681,0.0316737,0.00822886,0.000303142,0.000112973
Data/kaggleDiabeticRetinopathy/500_train/9929_left.jpeg,0,0.963219,0.0274039,0.00912689,0.000226386,2.41842e-05
Data/kaggleDiabeticRetinopathy/500_train/9929_right.jpeg,0,0.893416,0.0782442,0.0276574,0.000599623,8.32104e-05
Data/kaggleDiabeticRetinopathy/500_train/9930_left.jpeg,2,0.000267042,4.54735e-05,0.48741,0.25156,0.260717
Data/kaggleDiabeticRetinopathy/500_train/9930_right.jpeg,2,0.00115695,0.000117777,0.554778,0.1753,0.268646
Data/kaggleDiabeticRetinopathy/500_train/9933_left.jpeg,1,0.222081,0.206032,0.545811,0.019281,0.00679624
Data/kaggleDiabeticRetinopathy/500_train/9933_right.jpeg,1,0.142232,0.431965,0.419838,0.00510343,0.000861245
Data/kaggleDiabeticRetinopathy/500_train/9934_left.jpeg,3,0.00508293,0.00089105,0.370807,0.165411,0.457808
Data/kaggleDiabeticRetinopathy/500_train/9934_right.jpeg,2,0.00102341,0.00294512,0.713287,0.230319,0.0524258
Data/kaggleDiabeticRetinopathy/500_train/9937_left.jpeg,0,0.940785,0.0474636,0.0115815,0.000158676,1.13318e-05
Data/kaggleDiabeticRetinopathy/500_train/9937_right.jpeg,0,0.909714,0.0404259,0.0492703,0.000548441,4.08571e-05
Data/kaggleDiabeticRetinopathy/500_train/9939_left.jpeg,2,0.0586277,0.0685919,0.836221,0.018406,0.0181535
Data/kaggleDiabeticRetinopathy/500_train/9939_right.jpeg,2,0.000235271,0.000601966,0.97488,0.0215339,0.00274918
Data/kaggleDiabeticRetinopathy/500_train/9940_left.jpeg,0,0.966571,0.0267372,0.00659401,9.13587e-05,6.54338e-06
Data/kaggleDiabeticRetinopathy/500_train/9940_right.jpeg,0,0.964399,0.0279957,0.00747035,0.000126312,8.40145e-06
Data/kaggleDiabeticRetinopathy/500_train/9942_left.jpeg,4,0.000122431,0.000332525,0.598789,0.239996,0.16076
Data/kaggleDiabeticRetinopathy/500_train/9942_right.jpeg,2,0.00728629,0.00324376,0.545155,0.306293,0.138021
Data/kaggleDiabeticRetinopathy/500_train/9945_left.jpeg,2,0.112108,0.0574271,0.749958,0.0607268,0.01978
Data/kaggleDiabeticRetinopathy/500_train/9945_right.jpeg,2,0.406034,0.0539761,0.472886,0.0374978,0.0296062
Data/kaggleDiabeticRetinopathy/500_train/9947_left.jpeg,2,0.480758,0.0828564,0.4306,0.00444106,0.00134441
Data/kaggleDiabeticRetinopathy/500_train/9947_right.jpeg,0,0.954045,0.0353659,0.0103479,0.000174931,6.6313e-05
Data/kaggleDiabeticRetinopathy/500_train/9948_left.jpeg,0,0.959948,0.0232938,0.0160144,0.000333272,0.000410295
Data/kaggleDiabeticRetinopathy/500_train/9948_right.jpeg,2,0.973313,0.0194726,0.00711981,8.29455e-05,1.13522e-05
Data/kaggleDiabeticRetinopathy/500_train/9949_left.jpeg,0,0.970898,0.0189057,0.00954961,0.000406585,0.000239799
Data/kaggleDiabeticRetinopathy/500_train/9949_right.jpeg,1,0.957903,0.0118402,0.0289562,0.000918625,0.000382097
Data/kaggleDiabeticRetinopathy/500_train/9951_left.jpeg,3,2.41331e-05,4.47014e-05,0.441852,0.394539,0.163541
Data/kaggleDiabeticRetinopathy/500_train/9951_right.jpeg,3,1.29542e-06,3.43059e-06,0.559156,0.388493,0.0523468
Data/kaggleDiabeticRetinopathy/500_train/9952_left.jpeg,2,0.007089,0.0271681,0.874204,0.0734379,0.0181013
Data/kaggleDiabeticRetinopathy/500_train/9952_right.jpeg,2,0.0030763,0.00587501,0.903782,0.065442,0.0218242
Data/kaggleDiabeticRetinopathy/500_train/9957_left.jpeg,0,0.925175,0.0278183,0.0462533,0.000600016,0.000153644
Data/kaggleDiabeticRetinopathy/500_train/9957_right.jpeg,0,0.908594,0.035866,0.0526799,0.000893868,0.00196645
Data/kaggleDiabeticRetinopathy/500_train/9958_left.jpeg,0,0.973183,0.0210121,0.00564702,0.000109042,4.85918e-05
Data/kaggleDiabeticRetinopathy/500_train/9958_right.jpeg,0,0.983613,0.011845,0.00440782,9.5897e-05,3.84812e-05
Data/kaggleDiabeticRetinopathy/500_train/9959_left.jpeg,1,0.28728,0.514252,0.195169,0.00228279,0.0010169
Data/kaggleDiabeticRetinopathy/500_train/9959_right.jpeg,1,0.308322,0.185211,0.496418,0.00848518,0.00156362
Data/kaggleDiabeticRetinopathy/500_train/9961_left.jpeg,2,0.0223603,0.00481149,0.897644,0.0570459,0.0181384
Data/kaggleDiabeticRetinopathy/500_train/9961_right.jpeg,2,0.00115673,0.00226308,0.91625,0.0562955,0.0240348
Data/kaggleDiabeticRetinopathy/500_train/9963_left.jpeg,1,0.00125166,0.0049216,0.910534,0.0654681,0.0178244
Data/kaggleDiabeticRetinopathy/500_train/9963_right.jpeg,1,5.09273e-06,0.000316771,0.802946,0.187685,0.00904795
Data/kaggleDiabeticRetinopathy/500_train/9964_left.jpeg,2,0.0138767,0.181318,0.776024,0.0252911,0.00348963
Data/kaggleDiabeticRetinopathy/500_train/9964_right.jpeg,2,0.0171333,0.108922,0.866305,0.00749548,0.000144233
Data/kaggleDiabeticRetinopathy/500_train/9965_left.jpeg,0,0.962994,0.0259905,0.0109325,7.98628e-05,2.87912e-06
Data/kaggleDiabeticRetinopathy/500_train/9965_right.jpeg,0,0.987201,0.00414021,0.00862282,3.27933e-05,2.75506e-06
Data/kaggleDiabeticRetinopathy/500_train/9966_left.jpeg,0,0.975822,0.0205352,0.00339515,0.0002105,3.69402e-05
Data/kaggleDiabeticRetinopathy/500_train/9966_right.jpeg,0,0.984343,0.0144711,0.00108936,8.25659e-05,1.41165e-05
Data/kaggleDiabeticRetinopathy/500_train/9967_left.jpeg,0,0.992793,0.00602665,0.00116774,7.29496e-06,5.57124e-06
Data/kaggleDiabeticRetinopathy/500_train/9967_right.jpeg,0,0.993656,0.00558167,0.000755533,5.688e-06,1.44491e-06
Data/kaggleDiabeticRetinopathy/500_train/9971_left.jpeg,0,0.887663,0.0474233,0.0632683,0.0014533,0.000191805
Data/kaggleDiabeticRetinopathy/500_train/9971_right.jpeg,0,0.306888,0.0564532,0.595534,0.0281206,0.0130042
Data/kaggleDiabeticRetinopathy/500_train/9972_left.jpeg,0,0.987337,0.0112404,0.00136888,4.97802e-05,4.34847e-06
Data/kaggleDiabeticRetinopathy/500_train/9972_right.jpeg,0,0.979555,0.0164476,0.00387659,0.000107523,1.30354e-05
Data/kaggleDiabeticRetinopathy/500_train/9975_left.jpeg,1,0.172683,0.605631,0.215345,0.00475821,0.00158254
Data/kaggleDiabeticRetinopathy/500_train/9975_right.jpeg,1,0.965606,0.0255229,0.00850096,0.000262841,0.000107589
Data/kaggleDiabeticRetinopathy/500_train/9976_left.jpeg,0,0.98684,0.00662974,0.00646523,6.14818e-05,3.58384e-06
Data/kaggleDiabeticRetinopathy/500_train/9976_right.jpeg,1,0.944833,0.04844,0.00662956,9.31184e-05,4.73121e-06
Data/kaggleDiabeticRetinopathy/500_train/9977_left.jpeg,3,0.000182138,0.000482109,0.793322,0.156095,0.0499191
Data/kaggleDiabeticRetinopathy/500_train/9977_right.jpeg,3,5.8808e-05,2.60287e-05,0.359691,0.367568,0.272656
Data/kaggleDiabeticRetinopathy/500_train/9979_left.jpeg,0,0.860274,0.057544,0.0780501,0.00234022,0.00179176
Data/kaggleDiabeticRetinopathy/500_train/9979_right.jpeg,0,0.816093,0.0523463,0.121265,0.00319905,0.00709688
Data/kaggleDiabeticRetinopathy/500_train/9980_left.jpeg,2,0.420708,0.454863,0.122769,0.00152229,0.000137737
Data/kaggleDiabeticRetinopathy/500_train/9980_right.jpeg,0,0.935856,0.0362302,0.0275299,0.00036282,2.12244e-05
Data/kaggleDiabeticRetinopathy/500_train/9984_left.jpeg,0,0.518313,0.0641783,0.406102,0.00926079,0.00214598
Data/kaggleDiabeticRetinopathy/500_train/9984_right.jpeg,0,0.88662,0.032731,0.0778445,0.00214358,0.000660652
Data/kaggleDiabeticRetinopathy/500_train/9992_left.jpeg,1,0.0257219,0.0420246,0.820576,0.0794384,0.0322386
Data/kaggleDiabeticRetinopathy/500_train/9992_right.jpeg,1,0.056601,0.136598,0.784467,0.0197461,0.00258715
Data/kaggleDiabeticRetinopathy/500_train/9993_left.jpeg,0,0.972947,0.0187285,0.00812277,0.000160661,4.11032e-05
Data/kaggleDiabeticRetinopathy/500_train/9993_right.jpeg,0,0.984209,0.00978023,0.00578086,0.000168607,6.13922e-05
Data/kaggleDiabeticRetinopathy/500_train/9996_left.jpeg,0,0.13585,0.685277,0.174509,0.00342671,0.000937564
Data/kaggleDiabeticRetinopathy/500_train/9996_right.jpeg,0,0.981356,0.016044,0.00254765,4.97865e-05,2.26039e-06
Data/kaggleDiabeticRetinopathy/500_train/9998_left.jpeg,0,0.870813,0.04628,0.0808274,0.00149599,0.000583199
Data/kaggleDiabeticRetinopathy/500_train/9998_right.jpeg,0,0.979515,0.0180542,0.0023603,6.5156e-05,5.65214e-06
Data/kaggleDiabeticRetinopathy/500_train/9999_left.jpeg,0,0.95133,0.0361502,0.0122626,0.000218915,3.87466e-05
Data/kaggleDiabeticRetinopathy/500_train/9999_right.jpeg,0,0.97878,0.0174873,0.00364213,8.03624e-05,1.04619e-05
Data/kaggleDiabeticRetinopathy/500_train/10099_left.jpeg,0,0.956885,0.0180628,0.024502,0.000353025,0.000196665
Data/kaggleDiabeticRetinopathy/500_train/10099_right.jpeg,0,0.746867,0.140542,0.107332,0.00268441,0.00257431
Data/kaggleDiabeticRetinopathy/500_train/10199_left.jpeg,0,0.970946,0.0264018,0.00260957,4.14289e-05,1.21972e-06
Data/kaggleDiabeticRetinopathy/500_train/10199_right.jpeg,0,0.936931,0.0558452,0.00704243,0.000161013,2.00834e-05
Data/kaggleDiabeticRetinopathy/500_train/10994_left.jpeg,0,0.94181,0.0247018,0.0329321,0.000519041,3.72996e-05
Data/kaggleDiabeticRetinopathy/500_train/10994_right.jpeg,0,0.961445,0.0262803,0.0121416,0.000118579,1.42731e-05
Data/kaggleDiabeticRetinopathy/500_train/10996_left.jpeg,0,0.66241,0.216645,0.105329,0.00959171,0.0060253
Data/kaggleDiabeticRetinopathy/500_train/10996_right.jpeg,1,0.590917,0.37492,0.0331831,0.000768127,0.000211785
Data/kaggleDiabeticRetinopathy/500_train/11099_left.jpeg,0,0.940752,0.0240488,0.0340084,0.000806919,0.000383504
Data/kaggleDiabeticRetinopathy/500_train/11099_right.jpeg,0,0.852038,0.0875029,0.0587577,0.00122003,0.000481246
Data/kaggleDiabeticRetinopathy/500_train/11299_left.jpeg,0,0.983255,0.0149143,0.00180288,2.69991e-05,1.07184e-06
Data/kaggleDiabeticRetinopathy/500_train/11299_right.jpeg,0,0.963113,0.0316361,0.00504046,0.000189467,2.13218e-05
Data/kaggleDiabeticRetinopathy/500_train/11899_left.jpeg,0,0.937151,0.0244101,0.0362133,0.000739315,0.00148613
Data/kaggleDiabeticRetinopathy/500_train/11899_right.jpeg,0,0.414884,0.0415268,0.532249,0.00982968,0.00151086
Data/kaggleDiabeticRetinopathy/500_train/11990_left.jpeg,0,0.922664,0.0366951,0.039781,0.000732455,0.000127385
Data/kaggleDiabeticRetinopathy/500_train/11990_right.jpeg,0,0.969018,0.0202367,0.0104718,0.000209181,6.40498e-05
Data/kaggleDiabeticRetinopathy/500_train/11992_left.jpeg,0,0.975673,0.0207816,0.00339451,0.000132739,1.81942e-05
Data/kaggleDiabeticRetinopathy/500_train/11992_right.jpeg,0,0.755472,0.148362,0.0941831,0.00179709,0.000186797
Data/kaggleDiabeticRetinopathy/500_train/11995_left.jpeg,1,0.95968,0.018984,0.0210157,0.000272395,4.74615e-05
Data/kaggleDiabeticRetinopathy/500_train/11995_right.jpeg,1,0.953483,0.0148631,0.0312293,0.000389085,3.52206e-05
Data/kaggleDiabeticRetinopathy/500_train/11996_left.jpeg,0,0.967247,0.027473,0.00510229,0.000143397,3.42078e-05
Data/kaggleDiabeticRetinopathy/500_train/11996_right.jpeg,0,0.976748,0.0214717,0.00174535,3.05467e-05,4.22802e-06
Data/kaggleDiabeticRetinopathy/500_train/11997_left.jpeg,0,0.920509,0.0480701,0.0311845,0.000227446,8.99947e-06
Data/kaggleDiabeticRetinopathy/500_train/11997_right.jpeg,0,0.983162,0.0125617,0.00422683,4.72002e-05,2.44042e-06
Data/kaggleDiabeticRetinopathy/500_train/12299_left.jpeg,2,0.0237071,0.065856,0.872959,0.0270145,0.0104632
Data/kaggleDiabeticRetinopathy/500_train/12299_right.jpeg,0,0.0871533,0.117111,0.74304,0.0417986,0.0108965
Data/kaggleDiabeticRetinopathy/500_train/12399_left.jpeg,0,0.979101,0.0160239,0.0048219,4.92123e-05,3.87585e-06
Data/kaggleDiabeticRetinopathy/500_train/12399_right.jpeg,0,0.979189,0.0148261,0.00590193,7.8749e-05,4.30582e-06
Data/kaggleDiabeticRetinopathy/500_train/12699_left.jpeg,2,0.0142848,0.00306714,0.434583,0.0835577,0.464508
Data/kaggleDiabeticRetinopathy/500_train/12699_right.jpeg,2,0.00978009,0.00446576,0.661226,0.22705,0.0974779
Data/kaggleDiabeticRetinopathy/500_train/12799_left.jpeg,0,0.965291,0.0136896,0.0178929,0.00124094,0.00188506
Data/kaggleDiabeticRetinopathy/500_train/12799_right.jpeg,0,0.971422,0.0227105,0.00564781,0.000167251,5.25057e-05
Data/kaggleDiabeticRetinopathy/500_train/12990_left.jpeg,2,0.0201725,0.0306733,0.901546,0.0401128,0.00749491
Data/kaggleDiabeticRetinopathy/500_train/12990_right.jpeg,1,0.0748347,0.191757,0.685308,0.035064,0.0130361
Data/kaggleDiabeticRetinopathy/500_train/12991_left.jpeg,0,0.886109,0.0679619,0.0452504,0.000600973,7.77862e-05
Data/kaggleDiabeticRetinopathy/500_train/12991_right.jpeg,0,0.961986,0.0268437,0.0110174,0.000149749,3.64517e-06
Data/kaggleDiabeticRetinopathy/500_train/12992_left.jpeg,2,0.118528,0.00705945,0.485364,0.0646234,0.324425
Data/kaggleDiabeticRetinopathy/500_train/12992_right.jpeg,2,0.343224,0.0627899,0.548925,0.0231207,0.0219402
Data/kaggleDiabeticRetinopathy/500_train/12995_left.jpeg,4,0.00489985,0.00300617,0.50429,0.169598,0.318206
Data/kaggleDiabeticRetinopathy/500_train/12995_right.jpeg,3,7.18045e-07,8.42765e-06,0.519162,0.375177,0.105651
Data/kaggleDiabeticRetinopathy/500_train/12998_left.jpeg,0,0.952526,0.0283258,0.0187346,0.000369606,4.40579e-05
Data/kaggleDiabeticRetinopathy/500_train/12998_right.jpeg,0,0.899895,0.0708559,0.0284818,0.000693369,7.4311e-05
Data/kaggleDiabeticRetinopathy/500_train/13099_left.jpeg,2,0.00619813,0.00150977,0.406988,0.234177,0.351127
Data/kaggleDiabeticRetinopathy/500_train/13099_right.jpeg,2,0.00224465,0.000476968,0.331114,0.229644,0.43652
Data/kaggleDiabeticRetinopathy/500_train/13299_left.jpeg,0,0.188892,0.0128446,0.678015,0.0460592,0.0741886
Data/kaggleDiabeticRetinopathy/500_train/13299_right.jpeg,0,0.778496,0.0208673,0.195997,0.00259846,0.00204173
Data/kaggleDiabeticRetinopathy/500_train/13499_left.jpeg,0,0.949136,0.0132151,0.0361893,0.000771964,0.000687543
Data/kaggleDiabeticRetinopathy/500_train/13499_right.jpeg,0,0.971454,0.0204014,0.00798675,0.000139993,1.80555e-05
Data/kaggleDiabeticRetinopathy/500_train/13599_left.jpeg,0,0.982861,0.012866,0.0042357,3.49682e-05,2.67537e-06
Data/kaggleDiabeticRetinopathy/500_train/13599_right.jpeg,0,0.841516,0.0535376,0.101157,0.0024881,0.00130135
Data/kaggleDiabeticRetinopathy/500_train/13991_left.jpeg,0,0.963833,0.023277,0.0124086,0.00040963,7.19849e-05
Data/kaggleDiabeticRetinopathy/500_train/13991_right.jpeg,0,0.969767,0.0203589,0.00917433,0.000400121,0.000299461
Data/kaggleDiabeticRetinopathy/500_train/13993_left.jpeg,0,0.89814,0.0514067,0.0491614,0.00109986,0.000192061
Data/kaggleDiabeticRetinopathy/500_train/13993_right.jpeg,0,0.9242,0.0426328,0.0323174,0.000772513,7.78037e-05
Data/kaggleDiabeticRetinopathy/500_train/13994_left.jpeg,1,0.520506,0.343305,0.13469,0.0011842,0.000313954
Data/kaggleDiabeticRetinopathy/500_train/13994_right.jpeg,0,0.971657,0.0197196,0.00846242,0.000151369,9.17008e-06
Data/kaggleDiabeticRetinopathy/500_train/13995_left.jpeg,0,0.982227,0.0127607,0.00491483,9.13429e-05,5.94509e-06
Data/kaggleDiabeticRetinopathy/500_train/13995_right.jpeg,0,0.980415,0.0131235,0.00639166,6.37843e-05,5.66448e-06
Data/kaggleDiabeticRetinopathy/500_train/13997_left.jpeg,0,0.976867,0.0178543,0.0051857,8.62756e-05,6.98943e-06
Data/kaggleDiabeticRetinopathy/500_train/13997_right.jpeg,0,0.845236,0.102301,0.0513995,0.000987745,7.51803e-05
Data/kaggleDiabeticRetinopathy/500_train/13998_left.jpeg,0,0.959879,0.0340614,0.00585513,0.000178089,2.69049e-05
Data/kaggleDiabeticRetinopathy/500_train/13998_right.jpeg,0,0.965757,0.0303834,0.00370135,0.000134829,2.33086e-05
Data/kaggleDiabeticRetinopathy/500_train/13999_left.jpeg,4,0.00566031,0.000112974,0.0151304,0.339778,0.639319
Data/kaggleDiabeticRetinopathy/500_train/13999_right.jpeg,4,0.0308698,0.000325855,0.0321347,0.209304,0.727366
Data/kaggleDiabeticRetinopathy/500_train/14199_left.jpeg,0,0.906213,0.0426554,0.0506797,0.000415933,3.634e-05
Data/kaggleDiabeticRetinopathy/500_train/14199_right.jpeg,0,0.969905,0.0229467,0.00686743,0.000252731,2.80722e-05
Data/kaggleDiabeticRetinopathy/500_train/14299_left.jpeg,0,0.958087,0.0312266,0.0103971,0.000237937,5.15083e-05
Data/kaggleDiabeticRetinopathy/500_train/14299_right.jpeg,0,0.946345,0.0422564,0.0111015,0.000262731,3.45613e-05
Data/kaggleDiabeticRetinopathy/500_train/14399_left.jpeg,0,0.977034,0.0196669,0.00320232,8.97254e-05,7.4648e-06
Data/kaggleDiabeticRetinopathy/500_train/14399_right.jpeg,0,0.96933,0.0263012,0.0042795,8.47924e-05,4.75639e-06
Data/kaggleDiabeticRetinopathy/500_train/14899_left.jpeg,0,0.957239,0.0286867,0.0137636,0.000269716,4.06991e-05
Data/kaggleDiabeticRetinopathy/500_train/14899_right.jpeg,0,0.97997,0.0154448,0.00445735,0.000104763,2.27095e-05
Data/kaggleDiabeticRetinopathy/500_train/14992_left.jpeg,2,0.0565567,0.283471,0.614134,0.0346605,0.0111771
Data/kaggleDiabeticRetinopathy/500_train/14992_right.jpeg,2,0.675428,0.166485,0.150104,0.00630778,0.00167484
Data/kaggleDiabeticRetinopathy/500_train/14995_left.jpeg,0,0.959866,0.0335156,0.00649705,0.000108534,1.32897e-05
Data/kaggleDiabeticRetinopathy/500_train/14995_right.jpeg,0,0.272844,0.0738604,0.642703,0.00926379,0.00132796
Data/kaggleDiabeticRetinopathy/500_train/14998_left.jpeg,0,0.97504,0.0192874,0.0052727,0.000217915,0.000181767
Data/kaggleDiabeticRetinopathy/500_train/14998_right.jpeg,0,0.9728,0.0230109,0.0039509,0.000132722,0.000105242
Data/kaggleDiabeticRetinopathy/500_train/14999_left.jpeg,0,0.94171,0.0424105,0.0155325,0.000320738,2.68405e-05
Data/kaggleDiabeticRetinopathy/500_train/14999_right.jpeg,0,0.980059,0.015582,0.00430473,5.23362e-05,1.90038e-06
Data/kaggleDiabeticRetinopathy/500_train/15599_left.jpeg,0,0.899574,0.0623746,0.0372277,0.000654595,0.000169173
Data/kaggleDiabeticRetinopathy/500_train/15599_right.jpeg,0,0.916926,0.0618469,0.020811,0.000341569,7.50282e-05
Data/kaggleDiabeticRetinopathy/500_train/15699_left.jpeg,0,0.461437,0.0507431,0.44139,0.0269232,0.0195065
Data/kaggleDiabeticRetinopathy/500_train/15699_right.jpeg,0,0.86167,0.0468584,0.0907527,0.000668572,5.02372e-05
Data/kaggleDiabeticRetinopathy/500_train/15799_left.jpeg,2,0.000843498,0.00856756,0.94592,0.0315518,0.0131171
Data/kaggleDiabeticRetinopathy/500_train/15799_right.jpeg,2,0.00204288,0.0159062,0.93768,0.0347931,0.00957815
Data/kaggleDiabeticRetinopathy/500_train/15899_left.jpeg,0,0.648229,0.0498878,0.257128,0.0212043,0.0235511
Data/kaggleDiabeticRetinopathy/500_train/15899_right.jpeg,0,0.786407,0.0430872,0.168659,0.00160666,0.000241001
Data/kaggleDiabeticRetinopathy/500_train/15991_left.jpeg,0,0.985781,0.0109743,0.00317135,6.94819e-05,4.21082e-06
Data/kaggleDiabeticRetinopathy/500_train/15991_right.jpeg,0,0.980896,0.0129519,0.00603502,0.000111187,5.41948e-06
Data/kaggleDiabeticRetinopathy/500_train/15993_left.jpeg,0,0.941153,0.0145866,0.0434358,0.000722424,0.00010198
Data/kaggleDiabeticRetinopathy/500_train/15993_right.jpeg,0,0.860706,0.0146597,0.11366,0.00365341,0.00732135
Data/kaggleDiabeticRetinopathy/500_train/15994_left.jpeg,1,0.887231,0.0913264,0.0211421,0.000276433,2.44006e-05
Data/kaggleDiabeticRetinopathy/500_train/15994_right.jpeg,0,0.40062,0.295627,0.299054,0.00397124,0.000727704
Data/kaggleDiabeticRetinopathy/500_train/16099_left.jpeg,0,0.880528,0.0719491,0.0459279,0.00132491,0.000269676
Data/kaggleDiabeticRetinopathy/500_train/16099_right.jpeg,0,0.951221,0.0300142,0.0183577,0.000360341,4.70774e-05
Data/kaggleDiabeticRetinopathy/500_train/16299_left.jpeg,0,0.251548,0.0601135,0.682087,0.00559044,0.000661185
Data/kaggleDiabeticRetinopathy/500_train/16299_right.jpeg,0,0.956175,0.0271694,0.0159027,0.000600539,0.000152479
Data/kaggleDiabeticRetinopathy/500_train/16499_left.jpeg,0,0.960951,0.0236771,0.0149302,0.000318369,0.000123751
Data/kaggleDiabeticRetinopathy/500_train/16499_right.jpeg,0,0.961976,0.0190615,0.018349,0.000522766,9.04714e-05
Data/kaggleDiabeticRetinopathy/500_train/16599_left.jpeg,0,0.929963,0.0228128,0.0459621,0.00094969,0.000312386
Data/kaggleDiabeticRetinopathy/500_train/16599_right.jpeg,0,0.947359,0.0157015,0.0363405,0.000545028,5.39647e-05
Data/kaggleDiabeticRetinopathy/500_train/16899_left.jpeg,0,0.811516,0.048177,0.13843,0.00150706,0.00037021
Data/kaggleDiabeticRetinopathy/500_train/16899_right.jpeg,0,0.711538,0.0905949,0.183684,0.00711495,0.00706811
Data/kaggleDiabeticRetinopathy/500_train/16991_left.jpeg,2,0.000198014,0.00286504,0.681533,0.229816,0.0855879
Data/kaggleDiabeticRetinopathy/500_train/16991_right.jpeg,2,0.24394,0.049658,0.652675,0.0265391,0.0271879
Data/kaggleDiabeticRetinopathy/500_train/16993_left.jpeg,0,0.978758,0.0182568,0.00284991,0.000119212,1.62539e-05
Data/kaggleDiabeticRetinopathy/500_train/16993_right.jpeg,0,0.927064,0.0617573,0.0109012,0.000253335,2.42514e-05
